parameter,direction,year,emissions_diff,effect_vs_baseline
cy0,min,1,-224.31750936101778,2.4509546392437187e-07
cy0,min,2,19.02754524234982,2.5971572981120516e-07
cy0,min,3,-32.858970457610674,-1.3581453117694764e-07
cy0,min,4,-25.262530637182422,-1.5128374997175342e-08
cy0,min,5,-21.533935885341435,-3.937486710015037e-07
cy0,min,6,-2.8700733442452204,-7.748179697841806e-08
cy0,min,7,-13.509055719182005,-9.571261472274273e-08
cy0,min,8,-23.73012306420225,-9.07762576218829e-08
cy0,min,9,-17.89391476703037,-1.0181987519786162e-07
cy0,min,10,-7.388933695470764,4.987786095256297e-08
cy0,min,11,-0.7761473189659932,1.628330424940927e-07
cy0,min,12,-23.59979386452406,1.9747427515426352e-07
cy0,min,13,-22.067754654964357,1.1766448082539682e-07
cy0,min,14,-21.562608658798336,6.459333796726696e-07
cy0,min,15,1.7750216852155474,-6.945007882119825e-07
cy0,min,16,-0.3920730400104621,1.700563105722086e-06
cy0,min,17,-24.98617089572014,-3.12248381817426e-07
cy0,min,18,-23.379304471131828,5.030393595006899e-07
cy0,min,19,-22.797676528860343,1.5520027432103234e-06
cy0,min,20,-22.70434216540709,-2.0427718894211466e-07
cy0,min,21,1.3771199668052603,-3.208988528236034e-07
cy0,min,22,-30.871451883635135,1.4559551537729476e-06
cy0,min,23,-27.573726253576456,1.2521323604630652e-06
cy0,min,24,-26.018713164208467,-4.2874971484252455e-07
cy0,min,25,-25.315716170836524,7.552149448031287e-07
cy0,min,26,3.6924970292198984,-3.993329249496469e-07
cy0,min,27,-34.44568171786986,7.092197691349611e-07
cy0,min,28,-30.052386716374894,6.048865479613141e-07
cy0,min,29,-27.79148055771367,-2.1425559850740683e-06
cy0,min,30,-26.562892031441855,-2.2412735845023235e-07
cy0,min,31,7.650376944565834,6.766856399664789e-07
cy0,min,32,-35.533677527599025,-1.468955446171094e-07
cy0,min,33,-30.412599158344026,5.857972027456526e-07
cy0,min,34,-27.558453460317775,1.2736614607433694e-07
cy0,min,35,97.57215183097703,4.314064767640957e-07
cy0,min,36,10.213039161358074,-3.118643441268887e-07
cy0,min,37,-15.97960930354488,-6.830354788434079e-07
cy0,min,38,-16.32118581114612,2.475141265279035e-07
cy0,min,39,-16.248230936219723,-3.067185865290867e-07
cy0,min,40,-15.900281946156577,-2.011065856066807e-07
cy0,min,41,18.130513664157704,4.820484207357367e-07
cy0,min,42,-25.758621443104197,1.0331234356897312e-06
cy0,min,43,-19.92949750519388,5.355652490379725e-07
cy0,min,44,-16.48794540227353,-2.273269963382063e-07
cy0,min,45,-14.232699603146692,-1.8211845898008505e-07
cy0,min,46,23.259150432201263,1.0629421254293447e-07
cy0,min,47,-23.08036934819604,1.6131270541563936e-08
cy0,min,48,-16.45998406971967,1.1481388284551031e-07
cy0,min,49,-12.539721161715283,-4.070522869881188e-07
cy0,min,50,-9.980621227294035,5.43184377477246e-07
cy0,min,total,-873.9890489724435,7.008246939221863e-06
cy0,max,1,-224.31750945884014,1.472731128160376e-07
cy0,max,2,19.027544489605074,-4.930290167237672e-07
cy0,max,3,-32.85897015586717,1.659289736721803e-07
cy0,max,4,-25.262530692636478,-7.058243056690117e-08
cy0,max,5,-21.533935757354243,-2.657614786016893e-07
cy0,max,6,-2.870073169648534,9.71148894635121e-08
cy0,max,7,-13.509055627579832,-4.110441764737516e-09
cy0,max,8,-23.73012302234026,-4.8914266415067686e-08
cy0,max,9,-17.893914639572444,2.563805168165345e-08
cy0,max,10,-7.388933622229042,1.231195829731746e-07
cy0,max,11,-0.7761472493088366,2.3249019909243884e-07
cy0,max,12,-23.599793697169822,3.648285122892503e-07
cy0,max,13,-22.067754527652895,2.4497594353078966e-07
cy0,max,14,-21.562609051767208,2.5296450800738057e-07
cy0,max,15,1.7750219337329005,-4.4598343507118443e-07
cy0,max,16,-0.39207407362508917,6.669484786669955e-07
cy0,max,17,-24.98617109602467,-5.125529121130512e-07
cy0,max,18,-23.379303586833164,1.3873380240170263e-06
cy0,max,19,-22.797676640290135,1.4405729515942767e-06
cy0,max,20,-22.704345069361676,-3.1082317732966658e-06
cy0,max,21,1.377119445277386,-8.424267270434882e-07
cy0,max,22,-30.8714518423898,1.4972004898083924e-06
cy0,max,23,-27.57372558710625,1.91860256748555e-06
cy0,max,24,-26.01871389278108,-1.1573223268612765e-06
cy0,max,25,-25.315715938086058,9.879654108146951e-07
cy0,max,26,3.6924975255378873,9.698506397981532e-08
cy0,max,27,-34.445682750009425,-3.229197957921315e-07
cy0,max,28,-30.052389330822127,-2.009560684967937e-06
cy0,max,29,-27.791480919089366,-2.5039316824404523e-06
cy0,max,30,-26.562892009489417,-2.0217492036067597e-07
cy0,max,31,7.650375411022322,-8.568578717671471e-07
cy0,max,32,-35.53367784720659,-4.665031099193584e-07
cy0,max,33,-30.412599124709224,6.194320043562129e-07
cy0,max,34,-27.558452792656897,7.950270237699897e-07
cy0,max,35,97.57215131678434,-8.278621521640162e-08
cy0,max,36,10.213038589890438,-8.83331980006119e-07
cy0,max,37,-15.97960900892892,-3.884195187708883e-07
cy0,max,38,-16.32118805404839,-1.9953881427170472e-06
cy0,max,39,-16.24823180267094,-1.1731698030814641e-06
cy0,max,40,-15.900281650279673,9.477031781557343e-08
cy0,max,41,18.130513077955047,-1.0415423545850899e-07
cy0,max,42,-25.75862144891772,1.0273099135815755e-06
cy0,max,43,-19.929496976962746,1.0637963825388397e-06
cy0,max,44,-16.48794596401627,-7.89069733997394e-07
cy0,max,45,-14.232699223680887,1.9734734557630418e-07
cy0,max,46,23.259150442110183,1.1620313244975478e-07
cy0,max,47,-23.080369829032968,-4.647056570661334e-07
cy0,max,48,-16.45998373286829,4.5166526163598064e-07
cy0,max,49,-12.53972164195712,-8.87294124396476e-07
cy0,max,50,-9.980620892170739,8.783076737017836e-07
cy0,max,total,-873.9890611660669,-5.185376494409866e-06
clay,min,1,-224.45792814488905,-0.1404185387758048
clay,min,2,19.049525696156465,0.02198071352237463
clay,min,3,-31.856805213540504,1.0021651082556389
clay,min,4,-23.750023376473592,1.512507245580455
clay,min,5,-19.820817329304624,1.71311816228814
clay,min,6,-1.785776050474663,1.0842972162887605
clay,min,7,-12.037000872039016,1.472054751430374
clay,min,8,-21.90814706841895,1.8219759050070437
clay,min,9,-16.076609368464396,1.817305296746099
clay,min,10,-5.572553632052413,1.816380113296212
clay,min,11,0.40674064610774696,1.1828881279067827
clay,min,12,-22.097442334358455,1.50235172763988
clay,min,13,-20.342710684677385,1.7250440879514528
clay,min,14,-19.73284593291106,1.829763371820654
clay,min,15,3.6750530429499895,1.9000306632336539
clay,min,16,0.8420275910698547,1.2341023316434225
clay,min,17,-23.41311801025789,1.573052573213868
clay,min,18,-21.5760531893828,1.8032517847883867
clay,min,19,-20.88334074193587,1.914337338927215
clay,min,20,-20.713884451926404,1.9904575092034982
clay,min,21,2.5292809696380316,1.1521606819339185
clay,min,22,-29.20196404115138,1.6694892984389078
clay,min,23,-25.552807155718565,2.020920349990252
clay,min,24,-23.841273797599598,2.1774389378591543
clay,min,25,-23.042498245525643,2.273218680525826
clay,min,26,4.978830962258171,1.2863335337053479
clay,min,27,-32.53081464249259,1.9148677845970425
clay,min,28,-27.728508599847544,2.323878721413898
clay,min,29,-25.29442570916436,2.4970527059933225
clay,min,30,-23.967317718342244,2.5955740889722527
clay,min,31,9.08445250779407,1.4340762399138764
clay,min,32,-33.496417529972234,2.037259850731246
clay,min,33,-27.922855389241366,2.4897443548998623
clay,min,34,-24.88705820442307,2.671395383260851
clay,min,35,100.33715621515653,2.765004815585968
clay,min,36,12.110249465103148,1.8972099918807306
clay,min,37,-14.140973486398066,1.8386351341113354
clay,min,38,-14.426618723586458,1.8945673350737877
clay,min,39,-14.323457631486036,1.9247729980151007
clay,min,40,-13.951788061760425,1.9484936832895663
clay,min,41,18.89574963864015,0.765236456530868
clay,min,42,-24.358582016259874,1.4000404599677587
clay,min,43,-18.10704842074603,1.8224496200130993
clay,min,44,-14.521382245473546,1.966562929472989
clay,min,45,-12.212817048644501,2.019882372383732
clay,min,46,24.00780638416508,0.7486560582580282
clay,min,47,-21.67110976224518,1.4092596020821304
clay,min,48,-14.623438861120706,1.8365453234128477
clay,min,49,-10.576265996216534,1.9634547584464617
clay,min,50,-7.988271447403033,1.9923503230753798
clay,min,total,-788.4758780168868,85.51317796380363
clay,max,1,-224.28862176413077,0.028887841982481177
clay,max,2,19.02371739864926,-0.00382758398482963
clay,max,3,-33.064621950552045,-0.20565162875590204
clay,max,4,-25.578567763087694,-0.31603714103364666
clay,max,5,-21.895249919898355,-0.36131442830559024
clay,max,6,-3.1048165968817525,-0.23474333011832904
clay,max,7,-13.821277853668619,-0.3122222301992288
clay,max,8,-24.116467735931682,-0.38634476250568994
clay,max,9,-18.28206380968494,-0.3881491444744434
clay,max,10,-7.778055091305486,-0.38912134595686076
clay,max,11,-1.036144035189634,-0.25999655339059835
clay,max,12,-23.922701049837293,-0.32290698783895877
clay,max,13,-22.438150506725595,-0.37039573409675697
clay,max,14,-21.95634907414146,-0.39373976940974487
clay,max,15,1.3653730764628733,-0.40964930325346227
clay,max,16,-0.6662473145980936,-0.2741725740245258
clay,max,17,-25.32708246492409,-0.34091188145233176
clay,max,18,-23.76925505760673,-0.3899500834355436
clay,max,19,-23.212266224798427,-0.41458814393534027
clay,max,20,-23.1360197194731,-0.43167775834319855
clay,max,21,1.116321510178952,-0.260798777525161
clay,max,22,-31.234578893515174,-0.36312555392488477
clay,max,23,-28.011544375722178,-0.43781687001336067
clay,max,24,-26.49118393615879,-0.47247120070003845
clay,max,25,-25.809717648917886,-0.49400072286641716
clay,max,26,3.3996453755388276,-0.29285205301399575
clay,max,27,-34.86295861703503,-0.4172761899453974
clay,max,28,-30.556671873408924,-0.5042845521474817
clay,max,29,-28.33423091117239,-0.5427524960147068
clay,max,30,-27.12795929652391,-0.5650674892094116
clay,max,31,7.322185201546624,-0.3281910663335701
clay,max,32,-35.98015097771527,-0.44647359701178857
clay,max,33,-30.95480324084128,-0.5422034967000506
clay,max,34,-28.140955323677446,-0.5825017359935245
clay,max,35,96.96829773122906,-0.6038536683415003
clay,max,36,9.78577185432798,-0.42726761889443843
clay,max,37,-16.39092836098787,-0.4113197404784703
clay,max,38,-16.74342652135108,-0.4222404626908336
clay,max,39,-16.676919219393753,-0.4286885898926158
clay,max,40,-16.334242023974614,-0.43396027892462286
clay,max,41,17.93904902164823,-0.1914641604610523
clay,max,42,-26.074072834652146,-0.3154503584245134
clay,max,43,-20.334077169937434,-0.4045791291783054
clay,max,44,-16.924493027503154,-0.4365478525566182
clay,max,45,-14.681624545717906,-0.4489251246896728
clay,max,46,23.070375936098195,-0.18877438980885586
clay,max,47,-23.398053055749976,-0.3176836914226655
clay,max,48,-16.867888467219302,-0.40790428268574885
clay,max,49,-12.976074879741626,-0.4363541250786298
clay,max,50,-10.424245709699445,-0.44362393922103216
clay,max,total,-892.7340217373722,-18.744965756681836
temp_ci_delta,min,1,-224.30060428296179,0.016905323151462426
temp_ci_delta,min,2,19.02033950979753,-0.007205472836560034
temp_ci_delta,min,3,-33.18029107843371,-0.32132075663756865
temp_ci_delta,min,4,-25.811578901003248,-0.5490482789492006
temp_ci_delta,min,5,-22.068493663234115,-0.5345581716413506
temp_ci_delta,min,6,-3.1229966955247157,-0.25292342876129226
temp_ci_delta,min,7,-13.723079927761393,-0.21402430429200336
temp_ci_delta,min,8,-24.064482035657402,-0.3343590622314103
temp_ci_delta,min,9,-18.2097250507138,-0.31581038550330476
temp_ci_delta,min,10,-7.643847814260727,-0.2549140689121021
temp_ci_delta,min,11,-0.8065270661947133,-0.03037958439567756
temp_ci_delta,min,12,-23.65882065373136,-0.05902659173302638
temp_ci_delta,min,13,-22.27497127461446,-0.20721650198562358
temp_ci_delta,min,14,-21.824626322258585,-0.262017017526869
temp_ci_delta,min,15,1.4996981727007634,-0.27532420701557214
temp_ci_delta,min,16,-0.45092976208491775,-0.058855021511349914
temp_ci_delta,min,17,-25.073157570420786,-0.08698698694902873
temp_ci_delta,min,18,-23.619895782106234,-0.24059080793504606
temp_ci_delta,min,19,-23.09602316507492,-0.29834508421183514
temp_ci_delta,min,20,-23.017101197838233,-0.31275923670833095
temp_ci_delta,min,21,1.336135752585951,-0.040984535118162135
temp_ci_delta,min,22,-30.986353749057795,-0.11490040946750568
temp_ci_delta,min,23,-27.91217298647738,-0.33844548076856285
temp_ci_delta,min,24,-26.426026806401033,-0.4073140709422809
temp_ci_delta,min,25,-25.726551321044113,-0.4108343949926443
temp_ci_delta,min,26,3.6187839184981914,-0.073713510054632
temp_ci_delta,min,27,-34.59779937096441,-0.15211694387478047
temp_ci_delta,min,28,-30.46137875577704,-0.40899143451559894
temp_ci_delta,min,29,-28.27366758742233,-0.48218917226464697
temp_ci_delta,min,30,-27.041647146526646,-0.4787553392121495
temp_ci_delta,min,31,7.571219457282634,-0.07915681059755997
temp_ci_delta,min,32,-35.68338447332007,-0.14970709261658754
temp_ci_delta,min,33,-30.851233619741624,-0.43863387560039513
temp_ci_delta,min,34,-28.07938219403773,-0.5209286063538094
temp_ci_delta,min,35,97.05593329979723,-0.5162180997733259
temp_ci_delta,min,36,10.013949580348278,-0.1990898928741398
temp_ci_delta,min,37,-16.05164793870336,-0.07203931819396026
temp_ci_delta,min,38,-16.47812450593216,-0.15693844727191575
temp_ci_delta,min,39,-16.473212157834265,-0.224981528333128
temp_ci_delta,min,40,-16.169806165418564,-0.2695244203685725
temp_ci_delta,min,41,18.209029364703667,0.07851618259438453
temp_ci_delta,min,42,-25.800536785011214,-0.041914308783582044
temp_ci_delta,min,43,-20.29041379855902,-0.3609157577998907
temp_ci_delta,min,44,-16.941769602480335,-0.4538244275337995
temp_ci_delta,min,45,-14.682078339239728,-0.44937891821149556
temp_ci_delta,min,46,23.24421903205615,-0.014931293850899863
temp_ci_delta,min,47,-23.172828457077106,-0.09245909274979525
temp_ci_delta,min,48,-16.856579442651377,-0.3965952581178236
temp_ci_delta,min,49,-13.010444830164476,-0.47072407550147943
temp_ci_delta,min,50,-10.429988688396875,-0.4493669179184625
temp_ci_delta,min,total,-886.7748728783433,-12.785816897652921
temp_ci_delta,max,1,-224.33375831923203,-0.016248713118784508
temp_ci_delta,max,2,19.034992399696293,0.007447417062202533
temp_ci_delta,max,3,-32.544322470964744,0.314647850831399
temp_ci_delta,max,4,-24.738682131416617,0.5238484906374303
temp_ci_delta,max,5,-21.03939507002235,0.494540421570413
temp_ci_delta,max,6,-2.6567896433114395,0.21328362345198393
temp_ci_delta,max,7,-13.324708646904718,0.18434697656467236
temp_ci_delta,max,8,-23.42203889443969,0.3080840789863011
temp_ci_delta,max,9,-17.605969070967618,0.2879455942428777
temp_ci_delta,max,10,-7.160084851968269,0.22884889338035652
temp_ci_delta,max,11,-0.7639762610966443,0.012171220702391405
temp_ci_delta,max,12,-23.548406847385017,0.05138721461331741
temp_ci_delta,max,13,-21.86755753037576,0.2001972422530791
temp_ci_delta,max,14,-21.312917311777966,0.24969199295374978
temp_ci_delta,max,15,2.03390279879987,0.25888041908353454
temp_ci_delta,max,16,-0.347189549978129,0.04488519059543883
temp_ci_delta,max,17,-24.905404813487003,0.0807657699847546
temp_ci_delta,max,18,-23.145793450102886,0.23351152406830167
temp_ci_delta,max,19,-22.512773778162625,0.2849043027004612
temp_ci_delta,max,20,-22.409826377388317,0.2945155837415854
temp_ci_delta,max,21,1.4030475850607282,0.025927297356615142
temp_ci_delta,max,22,-30.762609503780908,0.10884383580938106
temp_ci_delta,max,23,-27.244954957421434,0.32877254828738245
temp_ci_delta,max,24,-25.631096409659314,0.3876163257994385
temp_ci_delta,max,25,-24.93113960698526,0.38457731906621007
temp_ci_delta,max,26,3.7440150580507807,0.05151762949795735
temp_ci_delta,max,27,-34.30429571749078,0.14138670959884792
temp_ci_delta,max,28,-29.657550919167182,0.39483640209425985
temp_ci_delta,max,29,-27.334518860866023,0.4569595542916609
temp_ci_delta,max,30,-26.11634158820623,0.44655021910826775
temp_ci_delta,max,31,7.702733789584667,0.052357521704473164
temp_ci_delta,max,32,-35.39621365725043,0.13746372345305247
temp_ci_delta,max,33,-29.98916201095436,0.4234377331868693
temp_ci_delta,max,34,-27.06466776742255,0.4937858202613725
temp_ci_delta,max,35,98.05358313579167,0.48143173622111135
temp_ci_delta,max,36,10.380685702726035,0.1676462295036174
temp_ci_delta,max,37,-15.924102626557879,0.055505993951522115
temp_ci_delta,max,38,-16.172289316023416,0.14889674263682906
temp_ci_delta,max,39,-16.03164264756857,0.216587981932566
temp_ci_delta,max,40,-15.64240611407814,0.25787563097185107
temp_ci_delta,max,41,18.044522444442517,-0.08599073766676568
temp_ci_delta,max,42,-25.71309358741384,0.04552888881379147
temp_ci_delta,max,43,-19.571857164800736,0.357640875958392
temp_ci_delta,max,44,-16.052646742349864,0.4352984325966709
temp_ci_delta,max,45,-13.81159365037412,0.4211057706541137
temp_ci_delta,max,46,23.250345041273032,-0.008805284634018307
temp_ci_delta,max,47,-22.9966908113346,0.08367855299271199
temp_ci_delta,max,48,-16.075662467523763,0.3843217170097901
temp_ci_delta,max,49,-12.09402778066319,0.44569297399980634
temp_ci_delta,max,50,-9.563860394727499,0.4167613757509141
temp_ci_delta,max,total,-862.0741913661763,11.914864614514158
rain_ci_delta,min,1,-224.3047249796587,0.012784626454561021
rain_ci_delta,min,2,19.02204727608717,-0.005497706546918835
rain_ci_delta,min,3,-33.10255156484361,-0.24358124304746553
rain_ci_delta,min,4,-25.677450711663834,-0.41492008960978666
rain_ci_delta,min,5,-21.93638027983029,-0.40244478823752416
rain_ci_delta,min,6,-3.058422516490614,-0.18834924972719058
rain_ci_delta,min,7,-13.668706504912805,-0.15965088144341522
rain_ci_delta,min,8,-23.981572701230412,-0.2514497278044203
rain_ci_delta,min,9,-18.131138813679062,-0.23722414846856665
rain_ci_delta,min,10,-7.5800433975601305,-0.19110965221150522
rain_ci_delta,min,11,-0.7973552686063043,-0.021207786807268647
rain_ci_delta,min,12,-23.643776275950138,-0.04398221395180357
rain_ci_delta,min,13,-22.224488285613546,-0.15673351298470806
rain_ci_delta,min,14,-21.760527981889393,-0.19791867715767708
rain_ci_delta,min,15,1.5673802239128856,-0.20764215580345002
rain_ci_delta,min,16,-0.43541962882782714,-0.043344888254259306
rain_ci_delta,min,17,-25.051605404376698,-0.06543482090494024
rain_ci_delta,min,18,-23.561445843505123,-0.18214086933393503
rain_ci_delta,min,19,-23.02312949559939,-0.22545141473630537
rain_ci_delta,min,20,-22.940284612999214,-0.23594265186931196
rain_ci_delta,min,21,1.3474474048982317,-0.02967288280588143
rain_ci_delta,min,22,-30.95811928478023,-0.0866659451899423
rain_ci_delta,min,23,-27.830003489736136,-0.25627598402731877
rain_ci_delta,min,24,-26.32639981394608,-0.30768707848732646
rain_ci_delta,min,25,-25.6254347392115,-0.3097178131600309
rain_ci_delta,min,26,3.6386465481749997,-0.05385088037782371
rain_ci_delta,min,27,-34.560158202088616,-0.11447577499898642
rain_ci_delta,min,28,-30.361834284666863,-0.30944696340542066
rain_ci_delta,min,29,-28.15553123321371,-0.3640528180560274
rain_ci_delta,min,30,-26.923647793029836,-0.36075598571533973
rain_ci_delta,min,31,7.592846962172755,-0.057529305707439526
rain_ci_delta,min,32,-35.64615320802568,-0.11247582732219996
rain_ci_delta,min,33,-30.744464162230678,-0.3318644180894488
rain_ci_delta,min,34,-27.95176370239861,-0.39331011471468713
rain_ci_delta,min,35,97.18316944455206,-0.38898195501849386
rain_ci_delta,min,36,10.064802753565989,-0.14823671965642937
rain_ci_delta,min,37,-16.032650458544182,-0.05304183803478146
rain_ci_delta,min,38,-16.439601505880105,-0.11841544721985997
rain_ci_delta,min,39,-16.41838237477914,-0.1701517452780017
rain_ci_delta,min,40,-16.10401043363271,-0.20372868858271787
rain_ci_delta,min,41,18.190898947419274,0.06038576530999151
rain_ci_delta,min,42,-25.79078777768248,-0.032165301454845974
rain_ci_delta,min,43,-20.203539509819986,-0.27404146906085813
rain_ci_delta,min,44,-16.831174947220156,-0.34322977227362017
rain_ci_delta,min,45,-14.571587131458632,-0.33888771043039867
rain_ci_delta,min,46,23.250075986537883,-0.009074339369167461
rain_ci_delta,min,47,-23.149715316843363,-0.06934595251605202
rain_ci_delta,min,48,-16.760224769708266,-0.30024058517471275
rain_ci_delta,min,49,-12.895117066930656,-0.35539631226765955
rain_ci_delta,min,50,-10.319039116794118,-0.33841734631570475
rain_ci_delta,min,total,-883.6210490425375,-9.631993061847083
rain_ci_delta,max,1,-224.34478965039875,-0.027280044285504346
rain_ci_delta,max,2,19.04036000450354,0.01281502186945005
rain_ci_delta,max,3,-32.327626513538135,0.5313438082580078
rain_ci_delta,max,4,-24.385946962143947,0.8765836599101
rain_ci_delta,max,5,-20.714979052389975,0.8189564392027897
rain_ci_delta,max,6,-2.5285001816618724,0.34157308510155104
rain_ci_delta,max,7,-13.210444887308586,0.29861073616080347
rain_ci_delta,max,8,-23.21938737990896,0.5107355935170332
rain_ci_delta,max,9,-17.418544087814702,0.47537057739579325
rain_ci_delta,max,10,-7.013034390578184,0.375899354770441
rain_ci_delta,max,11,-0.76438095582487,0.01176652597416572
rain_ci_delta,max,12,-23.51540747039711,0.08438659160122342
rain_ci_delta,max,13,-21.73052840445159,0.33722636817724805
rain_ci_delta,max,14,-21.1444941107996,0.4181151939321168
rain_ci_delta,max,15,2.2064553299252276,0.43143295020889205
rain_ci_delta,max,16,-0.32308570266780023,0.0689890379057676
rain_ci_delta,max,17,-24.851559748991157,0.13461083448060052
rain_ci_delta,max,18,-22.98580692394531,0.39349805022587603
rain_ci_delta,max,19,-22.320526891697554,0.47715118916553223
rain_ci_delta,max,20,-22.213445294464695,0.4908966666652077
rain_ci_delta,max,21,1.4131918332569477,0.03607154555283465
rain_ci_delta,max,22,-30.689001383045678,0.182451956544611
rain_ci_delta,max,23,-27.01978707209336,0.5539404336154554
rain_ci_delta,max,24,-25.37046604770988,0.6482466877488733
rain_ci_delta,max,25,-24.67609894799188,0.6396179780595901
rain_ci_delta,max,26,3.7682631568198706,0.0757657282670472
rain_ci_delta,max,27,-34.2102247088665,0.235457718223131
rain_ci_delta,max,28,-29.388421875977002,0.6639654452844397
rain_ci_delta,max,29,-27.028261285564554,0.76321712959313
rain_ci_delta,max,30,-25.82106064844678,0.7418311588677149
rain_ci_delta,max,31,7.725168174934987,0.07479190705479333
rain_ci_delta,max,32,-35.30552980317349,0.22814757752998815
rain_ci_delta,max,33,-29.700478562040885,0.7121211821003435
rain_ci_delta,max,34,-26.73367092831695,0.8247826593669707
rain_ci_delta,max,35,98.37186277085084,0.7997113712802815
rain_ci_delta,max,36,10.481324575334773,0.2682851021123547
rain_ci_delta,max,37,-15.893252758960001,0.0863558615494
rain_ci_delta,max,38,-16.071671416297054,0.24951464236319154
rain_ci_delta,max,39,-15.884285553386356,0.36394507611478133
rain_ci_delta,max,40,-15.468206109552957,0.43207563549703387
rain_ci_delta,max,41,17.98007067595817,-0.1504425061511121
rain_ci_delta,max,42,-25.678887458823286,0.07973501740434585
rain_ci_delta,max,43,-19.323558255511987,0.6059397852471413
rain_ci_delta,max,44,-15.758650609146175,0.7292945658003607
rain_ci_delta,max,45,-13.532634226550156,0.7000651944780767
rain_ci_delta,max,46,23.231107567612664,-0.028042758294386516
rain_ci_delta,max,47,-22.94214032542402,0.1382290389032903
rain_ci_delta,max,48,-15.813127786465364,0.6468563980681896
rain_ci_delta,max,49,-11.795881559898175,0.7438391947648206
rain_ci_delta,max,50,-9.289952108479188,0.690669661999225
rain_ci_delta,max,total,-854.1899339515073,19.79912202918308
evap_ci_delta,min,1,-224.3175096052641,8.491554126521805e-10
evap_ci_delta,min,2,19.02754506176654,7.913244814972131e-08
evap_ci_delta,min,3,-32.85897042588624,-1.0409009831846561e-07
evap_ci_delta,min,4,-25.262530913900388,-2.918463408718708e-07
evap_ci_delta,min,5,-21.533935508640464,-1.7047700140437883e-08
evap_ci_delta,min,6,-2.8700730966532104,1.7011021302693052e-07
evap_ci_delta,min,7,-13.509055600815035,2.2654354836504353e-08
evap_ci_delta,min,8,-23.73012292724093,4.6185061108872105e-08
evap_ci_delta,min,9,-17.893914777024982,-1.1181448655861459e-07
evap_ci_delta,min,10,-7.388933653315213,9.203341200247905e-08
evap_ci_delta,min,11,-0.7761472916996364,1.9009939933312126e-07
evap_ci_delta,min,12,-23.59979395091704,1.1108129527315214e-07
evap_ci_delta,min,13,-22.06775440188859,3.707402491670564e-07
evap_ci_delta,min,14,-21.56260864565694,6.59074775199997e-07
evap_ci_delta,min,15,1.7750222852345052,-9.448183035942748e-08
evap_ci_delta,min,16,-0.3920748729468695,-1.323733016533879e-07
evap_ci_delta,min,17,-24.986171890060422,-1.3065886648178093e-06
evap_ci_delta,min,18,-23.379305741218587,-7.670473998189209e-07
evap_ci_delta,min,19,-22.797676330312058,1.750551028578684e-06
evap_ci_delta,min,20,-22.704343235487976,-1.274358073288795e-06
evap_ci_delta,min,21,1.3771199977027693,-2.9000134382783926e-07
evap_ci_delta,min,22,-30.87145258296843,7.566218584997841e-07
evap_ci_delta,min,23,-27.573725037902705,2.4678061123495354e-06
evap_ci_delta,min,24,-26.01871282087247,-8.541371698811417e-08
evap_ci_delta,min,25,-25.315717002803698,-7.675222946090798e-08
evap_ci_delta,min,26,3.692497349584872,-7.896795128914391e-08
evap_ci_delta,min,27,-34.44568250149522,-7.440559102178668e-08
evap_ci_delta,min,28,-30.05238718704508,1.3421636069210763e-07
evap_ci_delta,min,29,-27.79148160817412,-3.1930164361426705e-06
evap_ci_delta,min,30,-26.562892877751295,-1.0704367987557362e-06
evap_ci_delta,min,31,7.650375591285831,-6.765943627584647e-07
evap_ci_delta,min,32,-35.53367753680018,-1.5609669645755275e-07
evap_ci_delta,min,33,-30.412598903214832,8.409263969610947e-07
evap_ci_delta,min,34,-27.558454010753028,-4.2306910685852017e-07
evap_ci_delta,min,35,97.5721522736732,8.741026391589912e-07
evap_ci_delta,min,36,10.213039679551393,2.0632897523853444e-07
evap_ci_delta,min,37,-15.979609819717938,-1.19920853691724e-06
evap_ci_delta,min,38,-16.321185603901196,4.547590499726084e-07
evap_ci_delta,min,39,-16.248230337483403,2.9201773443787715e-07
evap_ci_delta,min,40,-15.900282556761802,-8.117118106554244e-07
evap_ci_delta,min,41,18.130513902359315,7.202500320602212e-07
evap_ci_delta,min,42,-25.758621783431405,6.927962274971833e-07
evap_ci_delta,min,43,-19.929497675143214,3.6561591443273755e-07
evap_ci_delta,min,44,-16.487945708369246,-5.334227104469846e-07
evap_ci_delta,min,45,-14.232699242255794,1.7877243863040349e-07
evap_ci_delta,min,46,23.2591502135326,-1.1237445107781241e-07
evap_ci_delta,min,47,-23.08036899164207,3.726852391139346e-07
evap_ci_delta,min,48,-16.45998420288196,-1.8348405461665607e-08
evap_ci_delta,min,49,-12.539720709041365,4.5621630917480616e-08
evap_ci_delta,min,50,-9.98062173001674,4.046167312310445e-08
evap_ci_delta,min,total,-873.9890569446648,-9.639743439038284e-07
evap_ci_delta,max,1,-224.31750960611325,0.0
evap_ci_delta,max,2,19.02754498263409,0.0
evap_ci_delta,max,3,-32.85897032179614,0.0
evap_ci_delta,max,4,-25.262530622054047,0.0
evap_ci_delta,max,5,-21.533935491592764,0.0
evap_ci_delta,max,6,-2.8700732667634234,0.0
evap_ci_delta,max,7,-13.50905562346939,0.0
evap_ci_delta,max,8,-23.730122973425992,0.0
evap_ci_delta,max,9,-17.893914665210495,0.0
evap_ci_delta,max,10,-7.388933745348625,0.0
evap_ci_delta,max,11,-0.7761474817990357,0.0
evap_ci_delta,max,12,-23.599794061998335,0.0
evap_ci_delta,max,13,-22.067754772628838,0.0
evap_ci_delta,max,14,-21.562609304731716,0.0
evap_ci_delta,max,15,1.7750223797163356,0.0
evap_ci_delta,max,16,-0.39207474057356784,0.0
evap_ci_delta,max,17,-24.986170583471758,0.0
evap_ci_delta,max,18,-23.379304974171188,0.0
evap_ci_delta,max,19,-22.797678080863086,0.0
evap_ci_delta,max,20,-22.704341961129902,0.0
evap_ci_delta,max,21,1.377120287704113,0.0
evap_ci_delta,max,22,-30.87145333959029,0.0
evap_ci_delta,max,23,-27.573727505708817,0.0
evap_ci_delta,max,24,-26.018712735458752,0.0
evap_ci_delta,max,25,-25.31571692605147,0.0
evap_ci_delta,max,26,3.6924974285528234,0.0
evap_ci_delta,max,27,-34.44568242708963,0.0
evap_ci_delta,max,28,-30.052387321261442,0.0
evap_ci_delta,max,29,-27.791478415157684,0.0
evap_ci_delta,max,30,-26.562891807314497,0.0
evap_ci_delta,max,31,7.650376267880194,0.0
evap_ci_delta,max,32,-35.53367738070348,0.0
evap_ci_delta,max,33,-30.41259974414123,0.0
evap_ci_delta,max,34,-27.55845358768392,0.0
evap_ci_delta,max,35,97.57215139957056,0.0
evap_ci_delta,max,36,10.213039473222418,0.0
evap_ci_delta,max,37,-15.979608620509401,0.0
evap_ci_delta,max,38,-16.321186058660246,0.0
evap_ci_delta,max,39,-16.248230629501137,0.0
evap_ci_delta,max,40,-15.900281745049991,0.0
evap_ci_delta,max,41,18.130513182109283,0.0
evap_ci_delta,max,42,-25.758622476227632,0.0
evap_ci_delta,max,43,-19.92949804075913,0.0
evap_ci_delta,max,44,-16.487945174946535,0.0
evap_ci_delta,max,45,-14.232699421028233,0.0
evap_ci_delta,max,46,23.25915032590705,0.0
evap_ci_delta,max,47,-23.08036936432731,0.0
evap_ci_delta,max,48,-16.459984184533553,0.0
evap_ci_delta,max,49,-12.539720754662996,0.0
evap_ci_delta,max,50,-9.980621770478413,0.0
evap_ci_delta,max,total,-873.9890559806904,0.0
ef_burn_crop_N2O_scale,min,1,-224.32238671698826,-0.004877110875014523
ef_burn_crop_N2O_scale,min,2,19.026034337134092,-0.0015106454999980201
ef_burn_crop_N2O_scale,min,3,-32.86048096729614,-0.0015106454999980201
ef_burn_crop_N2O_scale,min,4,-25.264041267554045,-0.0015106454999980201
ef_burn_crop_N2O_scale,min,5,-21.535446137092762,-0.0015106454999980201
ef_burn_crop_N2O_scale,min,6,-2.8730945577634235,-0.003021291000000037
ef_burn_crop_N2O_scale,min,7,-13.510566268969388,-0.0015106454999980201
ef_burn_crop_N2O_scale,min,8,-23.73163361892599,-0.0015106454999980201
ef_burn_crop_N2O_scale,min,9,-17.895425310710493,-0.0015106454999980201
ef_burn_crop_N2O_scale,min,10,-7.390444390848626,-0.0015106455000006846
ef_burn_crop_N2O_scale,min,11,-0.7791687727990357,-0.003021291000000037
ef_burn_crop_N2O_scale,min,12,-23.601142272498336,-0.0013482105000015565
ef_burn_crop_N2O_scale,min,13,-22.06910298312884,-0.0013482105000015565
ef_burn_crop_N2O_scale,min,14,-21.563957515231717,-0.0013482105000015565
ef_burn_crop_N2O_scale,min,15,1.7736741692163358,-0.0013482104999997802
ef_burn_crop_N2O_scale,min,16,-0.3947711615735683,-0.0026964210000004485
ef_burn_crop_N2O_scale,min,17,-24.98751879397176,-0.0013482105000015565
ef_burn_crop_N2O_scale,min,18,-23.38065318467119,-0.0013482105000015565
ef_burn_crop_N2O_scale,min,19,-22.799026291363088,-0.0013482105000015565
ef_burn_crop_N2O_scale,min,20,-22.705690171629904,-0.0013482105000015565
ef_burn_crop_N2O_scale,min,21,1.3744238667041135,-0.0026964209999995603
ef_burn_crop_N2O_scale,min,22,-30.87263911509029,-0.0011857755000015402
ef_burn_crop_N2O_scale,min,23,-27.57491328120882,-0.0011857755000015402
ef_burn_crop_N2O_scale,min,24,-26.019898510958754,-0.0011857755000015402
ef_burn_crop_N2O_scale,min,25,-25.31690270155147,-0.0011857755000015402
ef_burn_crop_N2O_scale,min,26,3.690125877552823,-0.002371551000000416
ef_burn_crop_N2O_scale,min,27,-34.446868202589634,-0.001185775500005093
ef_burn_crop_N2O_scale,min,28,-30.053573096761443,-0.0011857755000015402
ef_burn_crop_N2O_scale,min,29,-27.792664190657685,-0.0011857755000015402
ef_burn_crop_N2O_scale,min,30,-26.564077582814498,-0.0011857755000015402
ef_burn_crop_N2O_scale,min,31,7.648004716880195,-0.0023715509999995277
ef_burn_crop_N2O_scale,min,32,-35.53367738070348,0.0
ef_burn_crop_N2O_scale,min,33,-30.41259974414123,0.0
ef_burn_crop_N2O_scale,min,34,-27.55845358768392,0.0
ef_burn_crop_N2O_scale,min,35,97.57215139957056,0.0
ef_burn_crop_N2O_scale,min,36,10.213039473222418,0.0
ef_burn_crop_N2O_scale,min,37,-15.979608620509401,0.0
ef_burn_crop_N2O_scale,min,38,-16.321186058660246,0.0
ef_burn_crop_N2O_scale,min,39,-16.248230629501137,0.0
ef_burn_crop_N2O_scale,min,40,-15.900281745049991,0.0
ef_burn_crop_N2O_scale,min,41,18.130513182109283,0.0
ef_burn_crop_N2O_scale,min,42,-25.758622476227632,0.0
ef_burn_crop_N2O_scale,min,43,-19.92949804075913,0.0
ef_burn_crop_N2O_scale,min,44,-16.487945174946535,0.0
ef_burn_crop_N2O_scale,min,45,-14.232699421028233,0.0
ef_burn_crop_N2O_scale,min,46,23.25915032590705,0.0
ef_burn_crop_N2O_scale,min,47,-23.08036936432731,0.0
ef_burn_crop_N2O_scale,min,48,-16.459984184533553,0.0
ef_burn_crop_N2O_scale,min,49,-12.539720754662996,0.0
ef_burn_crop_N2O_scale,min,50,-9.980621770478413,0.0
ef_burn_crop_N2O_scale,min,total,-874.0424686695654,-0.053412688875027925
ef_burn_crop_N2O_scale,max,1,-224.31263249523826,0.004877110874986101
ef_burn_crop_N2O_scale,max,2,19.029055628134092,0.0015106455000015728
ef_burn_crop_N2O_scale,max,3,-32.857459676296145,0.0015106454999980201
ef_burn_crop_N2O_scale,max,4,-25.261019976554046,0.0015106455000015728
ef_burn_crop_N2O_scale,max,5,-21.532424846092763,0.0015106455000015728
ef_burn_crop_N2O_scale,max,6,-2.8670519757634234,0.003021291000000037
ef_burn_crop_N2O_scale,max,7,-13.507544977969388,0.0015106455000015728
ef_burn_crop_N2O_scale,max,8,-23.72861232792599,0.0015106455000015728
ef_burn_crop_N2O_scale,max,9,-17.892404019710497,0.0015106454999980201
ef_burn_crop_N2O_scale,max,10,-7.387423099848625,0.0015106454999997965
ef_burn_crop_N2O_scale,max,11,-0.7731261907990357,0.003021291000000037
ef_burn_crop_N2O_scale,max,12,-23.598445851498337,0.0013482104999980038
ef_burn_crop_N2O_scale,max,13,-22.06640656212884,0.0013482104999980038
ef_burn_crop_N2O_scale,max,14,-21.561261094231718,0.0013482104999980038
ef_burn_crop_N2O_scale,max,15,1.7763705902163354,0.0013482104999997802
ef_burn_crop_N2O_scale,max,16,-0.3893783195735674,0.0026964210000004485
ef_burn_crop_N2O_scale,max,17,-24.98482237297176,0.0013482104999980038
ef_burn_crop_N2O_scale,max,18,-23.37795676367119,0.0013482104999980038
ef_burn_crop_N2O_scale,max,19,-22.79632987036309,0.0013482104999980038
ef_burn_crop_N2O_scale,max,20,-22.702993750629904,0.0013482104999980038
ef_burn_crop_N2O_scale,max,21,1.3798167087041127,0.0026964209999995603
ef_burn_crop_N2O_scale,max,22,-30.870267564090287,0.0011857755000015402
ef_burn_crop_N2O_scale,max,23,-27.572541730208815,0.0011857755000015402
ef_burn_crop_N2O_scale,max,24,-26.01752695995875,0.0011857755000015402
ef_burn_crop_N2O_scale,max,25,-25.314531150551467,0.0011857755000015402
ef_burn_crop_N2O_scale,max,26,3.694868979552823,0.0023715509999995277
ef_burn_crop_N2O_scale,max,27,-34.44449665158963,0.0011857754999979875
ef_burn_crop_N2O_scale,max,28,-30.05120154576144,0.0011857755000015402
ef_burn_crop_N2O_scale,max,29,-27.790292639657682,0.0011857755000015402
ef_burn_crop_N2O_scale,max,30,-26.561706031814495,0.0011857755000015402
ef_burn_crop_N2O_scale,max,31,7.652747818880195,0.002371551000001304
ef_burn_crop_N2O_scale,max,32,-35.53367738070348,0.0
ef_burn_crop_N2O_scale,max,33,-30.41259974414123,0.0
ef_burn_crop_N2O_scale,max,34,-27.55845358768392,0.0
ef_burn_crop_N2O_scale,max,35,97.57215139957056,0.0
ef_burn_crop_N2O_scale,max,36,10.213039473222418,0.0
ef_burn_crop_N2O_scale,max,37,-15.979608620509401,0.0
ef_burn_crop_N2O_scale,max,38,-16.321186058660246,0.0
ef_burn_crop_N2O_scale,max,39,-16.248230629501137,0.0
ef_burn_crop_N2O_scale,max,40,-15.900281745049991,0.0
ef_burn_crop_N2O_scale,max,41,18.130513182109283,0.0
ef_burn_crop_N2O_scale,max,42,-25.758622476227632,0.0
ef_burn_crop_N2O_scale,max,43,-19.92949804075913,0.0
ef_burn_crop_N2O_scale,max,44,-16.487945174946535,0.0
ef_burn_crop_N2O_scale,max,45,-14.232699421028233,0.0
ef_burn_crop_N2O_scale,max,46,23.25915032590705,0.0
ef_burn_crop_N2O_scale,max,47,-23.08036936432731,0.0
ef_burn_crop_N2O_scale,max,48,-16.459984184533553,0.0
ef_burn_crop_N2O_scale,max,49,-12.539720754662996,0.0
ef_burn_crop_N2O_scale,max,50,-9.980621770478413,0.0
ef_burn_crop_N2O_scale,max,total,-873.9356432918155,0.05341268887491424
ef_burn_crop_CH4_scale,min,1,-224.33611459736326,-0.018604991250015246
ef_burn_crop_CH4_scale,min,2,19.021782237634092,-0.005762744999998404
ef_burn_crop_CH4_scale,min,3,-32.86473306679614,-0.005762744999998404
ef_burn_crop_CH4_scale,min,4,-25.268293367054046,-0.005762744999998404
ef_burn_crop_CH4_scale,min,5,-21.539698236592763,-0.005762744999998404
ef_burn_crop_CH4_scale,min,6,-2.8815987567634234,-0.011525489999999916
ef_burn_crop_CH4_scale,min,7,-13.514818368469388,-0.005762744999998404
ef_burn_crop_CH4_scale,min,8,-23.73588571842599,-0.005762744999998404
ef_burn_crop_CH4_scale,min,9,-17.899677410210494,-0.005762744999998404
ef_burn_crop_CH4_scale,min,10,-7.394696490348625,-0.00576274500000018
ef_burn_crop_CH4_scale,min,11,-0.7876729717990356,-0.011525489999999916
ef_burn_crop_CH4_scale,min,12,-23.604937156998336,-0.005143095000001097
ef_burn_crop_CH4_scale,min,13,-22.07289786762884,-0.005143095000001097
ef_burn_crop_CH4_scale,min,14,-21.567752399731717,-0.005143095000001097
ef_burn_crop_CH4_scale,min,15,1.7698792847163354,-0.0051430950000002085
ef_burn_crop_CH4_scale,min,16,-0.40236093057356825,-0.010286190000000417
ef_burn_crop_CH4_scale,min,17,-24.99131367847176,-0.005143095000001097
ef_burn_crop_CH4_scale,min,18,-23.38444806917119,-0.005143095000001097
ef_burn_crop_CH4_scale,min,19,-22.802821175863087,-0.005143095000001097
ef_burn_crop_CH4_scale,min,20,-22.709485056129903,-0.005143095000001097
ef_burn_crop_CH4_scale,min,21,1.3668340977041136,-0.010286189999999529
ef_burn_crop_CH4_scale,min,22,-30.87597678459029,-0.004523445000000237
ef_burn_crop_CH4_scale,min,23,-27.578250950708817,-0.004523445000000237
ef_burn_crop_CH4_scale,min,24,-26.023236180458753,-0.004523445000000237
ef_burn_crop_CH4_scale,min,25,-25.32024037105147,-0.004523445000000237
ef_burn_crop_CH4_scale,min,26,3.683450538552824,-0.009046889999999586
ef_burn_crop_CH4_scale,min,27,-34.45020587208963,-0.00452344500000379
ef_burn_crop_CH4_scale,min,28,-30.056910766261442,-0.004523445000000237
ef_burn_crop_CH4_scale,min,29,-27.796001860157684,-0.004523445000000237
ef_burn_crop_CH4_scale,min,30,-26.567415252314497,-0.004523445000000237
ef_burn_crop_CH4_scale,min,31,7.641329377880195,-0.009046889999998697
ef_burn_crop_CH4_scale,min,32,-35.53367738070348,0.0
ef_burn_crop_CH4_scale,min,33,-30.41259974414123,0.0
ef_burn_crop_CH4_scale,min,34,-27.55845358768392,0.0
ef_burn_crop_CH4_scale,min,35,97.57215139957056,0.0
ef_burn_crop_CH4_scale,min,36,10.213039473222418,0.0
ef_burn_crop_CH4_scale,min,37,-15.979608620509401,0.0
ef_burn_crop_CH4_scale,min,38,-16.321186058660246,0.0
ef_burn_crop_CH4_scale,min,39,-16.248230629501137,0.0
ef_burn_crop_CH4_scale,min,40,-15.900281745049991,0.0
ef_burn_crop_CH4_scale,min,41,18.130513182109283,0.0
ef_burn_crop_CH4_scale,min,42,-25.758622476227632,0.0
ef_burn_crop_CH4_scale,min,43,-19.92949804075913,0.0
ef_burn_crop_CH4_scale,min,44,-16.487945174946535,0.0
ef_burn_crop_CH4_scale,min,45,-14.232699421028233,0.0
ef_burn_crop_CH4_scale,min,46,23.25915032590705,0.0
ef_burn_crop_CH4_scale,min,47,-23.08036936432731,0.0
ef_burn_crop_CH4_scale,min,48,-16.459984184533553,0.0
ef_burn_crop_CH4_scale,min,49,-12.539720754662996,0.0
ef_burn_crop_CH4_scale,min,50,-9.980621770478413,0.0
ef_burn_crop_CH4_scale,min,total,-874.1928123919404,-0.20375641124996946
ef_burn_crop_CH4_scale,max,1,-224.29890461486326,0.018604991249986824
ef_burn_crop_CH4_scale,max,2,19.033307727634092,0.0057627450000019564
ef_burn_crop_CH4_scale,max,3,-32.853207576796144,0.005762744999998404
ef_burn_crop_CH4_scale,max,4,-25.256767877054045,0.0057627450000019564
ef_burn_crop_CH4_scale,max,5,-21.528172746592762,0.0057627450000019564
ef_burn_crop_CH4_scale,max,6,-2.8585477767634235,0.011525489999999916
ef_burn_crop_CH4_scale,max,7,-13.503292878469388,0.0057627450000019564
ef_burn_crop_CH4_scale,max,8,-23.72436022842599,0.0057627450000019564
ef_burn_crop_CH4_scale,max,9,-17.888151920210497,0.005762744999998404
ef_burn_crop_CH4_scale,max,10,-7.383171000348626,0.005762744999999292
ef_burn_crop_CH4_scale,max,11,-0.7646219917990358,0.011525489999999916
ef_burn_crop_CH4_scale,max,12,-23.594650966998337,0.005143094999997544
ef_burn_crop_CH4_scale,max,13,-22.06261167762884,0.005143094999997544
ef_burn_crop_CH4_scale,max,14,-21.557466209731718,0.005143094999997544
ef_burn_crop_CH4_scale,max,15,1.7801654747163358,0.0051430950000002085
ef_burn_crop_CH4_scale,max,16,-0.3817885505735674,0.010286190000000417
ef_burn_crop_CH4_scale,max,17,-24.98102748847176,0.005143094999997544
ef_burn_crop_CH4_scale,max,18,-23.37416187917119,0.005143094999997544
ef_burn_crop_CH4_scale,max,19,-22.79253498586309,0.005143094999997544
ef_burn_crop_CH4_scale,max,20,-22.699198866129905,0.005143094999997544
ef_burn_crop_CH4_scale,max,21,1.3874064777041126,0.010286189999999529
ef_burn_crop_CH4_scale,max,22,-30.86692989459029,0.004523445000000237
ef_burn_crop_CH4_scale,max,23,-27.569204060708817,0.004523445000000237
ef_burn_crop_CH4_scale,max,24,-26.014189290458752,0.004523445000000237
ef_burn_crop_CH4_scale,max,25,-25.31119348105147,0.004523445000000237
ef_burn_crop_CH4_scale,max,26,3.701544318552823,0.009046889999999586
ef_burn_crop_CH4_scale,max,27,-34.44115898208963,0.004523444999996684
ef_burn_crop_CH4_scale,max,28,-30.04786387626144,0.004523445000000237
ef_burn_crop_CH4_scale,max,29,-27.786954970157684,0.004523445000000237
ef_burn_crop_CH4_scale,max,30,-26.558368362314496,0.004523445000000237
ef_burn_crop_CH4_scale,max,31,7.659423157880195,0.009046890000000474
ef_burn_crop_CH4_scale,max,32,-35.53367738070348,0.0
ef_burn_crop_CH4_scale,max,33,-30.41259974414123,0.0
ef_burn_crop_CH4_scale,max,34,-27.55845358768392,0.0
ef_burn_crop_CH4_scale,max,35,97.57215139957056,0.0
ef_burn_crop_CH4_scale,max,36,10.213039473222418,0.0
ef_burn_crop_CH4_scale,max,37,-15.979608620509401,0.0
ef_burn_crop_CH4_scale,max,38,-16.321186058660246,0.0
ef_burn_crop_CH4_scale,max,39,-16.248230629501137,0.0
ef_burn_crop_CH4_scale,max,40,-15.900281745049991,0.0
ef_burn_crop_CH4_scale,max,41,18.130513182109283,0.0
ef_burn_crop_CH4_scale,max,42,-25.758622476227632,0.0
ef_burn_crop_CH4_scale,max,43,-19.92949804075913,0.0
ef_burn_crop_CH4_scale,max,44,-16.487945174946535,0.0
ef_burn_crop_CH4_scale,max,45,-14.232699421028233,0.0
ef_burn_crop_CH4_scale,max,46,23.25915032590705,0.0
ef_burn_crop_CH4_scale,max,47,-23.08036936432731,0.0
ef_burn_crop_CH4_scale,max,48,-16.459984184533553,0.0
ef_burn_crop_CH4_scale,max,49,-12.539720754662996,0.0
ef_burn_crop_CH4_scale,max,50,-9.980621770478413,0.0
ef_burn_crop_CH4_scale,max,total,-873.7852995694404,0.20375641124996946
ef_burn_tree_N2O_scale,min,1,-224.32155000611326,-0.004040400000008049
ef_burn_tree_N2O_scale,min,2,19.02754498263409,0.0
ef_burn_tree_N2O_scale,min,3,-32.85897032179614,0.0
ef_burn_tree_N2O_scale,min,4,-25.262530622054047,0.0
ef_burn_tree_N2O_scale,min,5,-21.533935491592764,0.0
ef_burn_tree_N2O_scale,min,6,-2.928118209476193,-0.05804494271276939
ef_burn_tree_N2O_scale,min,7,-13.50905562346939,0.0
ef_burn_tree_N2O_scale,min,8,-23.730122973425992,0.0
ef_burn_tree_N2O_scale,min,9,-17.893914665210495,0.0
ef_burn_tree_N2O_scale,min,10,-7.388933745348625,0.0
ef_burn_tree_N2O_scale,min,11,-0.8536457663320793,-0.07749828453304364
ef_burn_tree_N2O_scale,min,12,-23.599794061998335,0.0
ef_burn_tree_N2O_scale,min,13,-22.067754772628838,0.0
ef_burn_tree_N2O_scale,min,14,-21.562609304731716,0.0
ef_burn_tree_N2O_scale,min,15,1.7750223797163356,0.0
ef_burn_tree_N2O_scale,min,16,-0.49144889857095553,-0.09937415799738769
ef_burn_tree_N2O_scale,min,17,-24.986170583471758,0.0
ef_burn_tree_N2O_scale,min,18,-23.379304974171188,0.0
ef_burn_tree_N2O_scale,min,19,-22.797678080863086,0.0
ef_burn_tree_N2O_scale,min,20,-22.704341961129902,0.0
ef_burn_tree_N2O_scale,min,21,1.2867794913748658,-0.0903407963292473
ef_burn_tree_N2O_scale,min,22,-30.87145333959029,0.0
ef_burn_tree_N2O_scale,min,23,-27.573727505708817,0.0
ef_burn_tree_N2O_scale,min,24,-26.018712735458752,0.0
ef_burn_tree_N2O_scale,min,25,-25.31571692605147,0.0
ef_burn_tree_N2O_scale,min,26,3.584812511374589,-0.10768491717823458
ef_burn_tree_N2O_scale,min,27,-34.44568242708963,0.0
ef_burn_tree_N2O_scale,min,28,-30.052387321261442,0.0
ef_burn_tree_N2O_scale,min,29,-27.791478415157684,0.0
ef_burn_tree_N2O_scale,min,30,-26.562891807314497,0.0
ef_burn_tree_N2O_scale,min,31,7.524572561956003,-0.12580370592419143
ef_burn_tree_N2O_scale,min,32,-35.53367738070348,0.0
ef_burn_tree_N2O_scale,min,33,-30.41259974414123,0.0
ef_burn_tree_N2O_scale,min,34,-27.55845358768392,0.0
ef_burn_tree_N2O_scale,min,35,97.57215139957056,0.0
ef_burn_tree_N2O_scale,min,36,9.967463357406873,-0.2455761158155454
ef_burn_tree_N2O_scale,min,37,-15.979608620509401,0.0
ef_burn_tree_N2O_scale,min,38,-16.321186058660246,0.0
ef_burn_tree_N2O_scale,min,39,-16.248230629501137,0.0
ef_burn_tree_N2O_scale,min,40,-15.900281745049991,0.0
ef_burn_tree_N2O_scale,min,41,18.00300763713782,-0.12750554497146283
ef_burn_tree_N2O_scale,min,42,-25.758622476227632,0.0
ef_burn_tree_N2O_scale,min,43,-19.92949804075913,0.0
ef_burn_tree_N2O_scale,min,44,-16.487945174946535,0.0
ef_burn_tree_N2O_scale,min,45,-14.232699421028233,0.0
ef_burn_tree_N2O_scale,min,46,23.12269846358869,-0.13645186231835993
ef_burn_tree_N2O_scale,min,47,-23.08036936432731,0.0
ef_burn_tree_N2O_scale,min,48,-16.459984184533553,0.0
ef_burn_tree_N2O_scale,min,49,-12.539720754662996,0.0
ef_burn_tree_N2O_scale,min,50,-9.980621770478413,0.0
ef_burn_tree_N2O_scale,min,total,-875.0613767084708,-1.0723207277803795
ef_burn_tree_N2O_scale,max,1,-224.31346920611327,0.004040399999979627
ef_burn_tree_N2O_scale,max,2,19.02754498263409,0.0
ef_burn_tree_N2O_scale,max,3,-32.85897032179614,0.0
ef_burn_tree_N2O_scale,max,4,-25.262530622054047,0.0
ef_burn_tree_N2O_scale,max,5,-21.533935491592764,0.0
ef_burn_tree_N2O_scale,max,6,-2.8120283240506545,0.05804494271276894
ef_burn_tree_N2O_scale,max,7,-13.50905562346939,0.0
ef_burn_tree_N2O_scale,max,8,-23.730122973425992,0.0
ef_burn_tree_N2O_scale,max,9,-17.893914665210495,0.0
ef_burn_tree_N2O_scale,max,10,-7.388933745348625,0.0
ef_burn_tree_N2O_scale,max,11,-0.6986491972659921,0.07749828453304364
ef_burn_tree_N2O_scale,max,12,-23.599794061998335,0.0
ef_burn_tree_N2O_scale,max,13,-22.067754772628838,0.0
ef_burn_tree_N2O_scale,max,14,-21.562609304731716,0.0
ef_burn_tree_N2O_scale,max,15,1.7750223797163356,0.0
ef_burn_tree_N2O_scale,max,16,-0.29270058257618015,0.09937415799738769
ef_burn_tree_N2O_scale,max,17,-24.986170583471758,0.0
ef_burn_tree_N2O_scale,max,18,-23.379304974171188,0.0
ef_burn_tree_N2O_scale,max,19,-22.797678080863086,0.0
ef_burn_tree_N2O_scale,max,20,-22.704341961129902,0.0
ef_burn_tree_N2O_scale,max,21,1.4674610840333613,0.09034079632924819
ef_burn_tree_N2O_scale,max,22,-30.87145333959029,0.0
ef_burn_tree_N2O_scale,max,23,-27.573727505708817,0.0
ef_burn_tree_N2O_scale,max,24,-26.018712735458752,0.0
ef_burn_tree_N2O_scale,max,25,-25.31571692605147,0.0
ef_burn_tree_N2O_scale,max,26,3.800182345731057,0.1076849171782337
ef_burn_tree_N2O_scale,max,27,-34.44568242708963,0.0
ef_burn_tree_N2O_scale,max,28,-30.052387321261442,0.0
ef_burn_tree_N2O_scale,max,29,-27.791478415157684,0.0
ef_burn_tree_N2O_scale,max,30,-26.562891807314497,0.0
ef_burn_tree_N2O_scale,max,31,7.776179973804389,0.125803705924195
ef_burn_tree_N2O_scale,max,32,-35.53367738070348,0.0
ef_burn_tree_N2O_scale,max,33,-30.41259974414123,0.0
ef_burn_tree_N2O_scale,max,34,-27.55845358768392,0.0
ef_burn_tree_N2O_scale,max,35,97.57215139957056,0.0
ef_burn_tree_N2O_scale,max,36,10.458615589037965,0.24557611581554717
ef_burn_tree_N2O_scale,max,37,-15.979608620509401,0.0
ef_burn_tree_N2O_scale,max,38,-16.321186058660246,0.0
ef_burn_tree_N2O_scale,max,39,-16.248230629501137,0.0
ef_burn_tree_N2O_scale,max,40,-15.900281745049991,0.0
ef_burn_tree_N2O_scale,max,41,18.258018727080746,0.12750554497146283
ef_burn_tree_N2O_scale,max,42,-25.758622476227632,0.0
ef_burn_tree_N2O_scale,max,43,-19.92949804075913,0.0
ef_burn_tree_N2O_scale,max,44,-16.487945174946535,0.0
ef_burn_tree_N2O_scale,max,45,-14.232699421028233,0.0
ef_burn_tree_N2O_scale,max,46,23.39560218822541,0.13645186231835993
ef_burn_tree_N2O_scale,max,47,-23.08036936432731,0.0
ef_burn_tree_N2O_scale,max,48,-16.459984184533553,0.0
ef_burn_tree_N2O_scale,max,49,-12.539720754662996,0.0
ef_burn_tree_N2O_scale,max,50,-9.980621770478413,0.0
ef_burn_tree_N2O_scale,max,total,-872.9167352529103,1.072320727780152
ef_burn_tree_CH4_scale,min,1,-224.33109600611326,-0.013586400000008325
ef_burn_tree_CH4_scale,min,2,19.02754498263409,0.0
ef_burn_tree_CH4_scale,min,3,-32.85897032179614,0.0
ef_burn_tree_CH4_scale,min,4,-25.262530622054047,0.0
ef_burn_tree_CH4_scale,min,5,-21.533935491592764,0.0
ef_burn_tree_CH4_scale,min,6,-3.0652573598415267,-0.19518409307810325
ef_burn_tree_CH4_scale,min,7,-13.50905562346939,0.0
ef_burn_tree_CH4_scale,min,8,-23.730122973425992,0.0
ef_burn_tree_CH4_scale,min,9,-17.893914665210495,0.0
ef_burn_tree_CH4_scale,min,10,-7.388933745348625,0.0
ef_burn_tree_CH4_scale,min,11,-1.0367461089101502,-0.2605986271111145
ef_burn_tree_CH4_scale,min,12,-23.599794061998335,0.0
ef_burn_tree_CH4_scale,min,13,-22.067754772628838,0.0
ef_burn_tree_CH4_scale,min,14,-21.562609304731716,0.0
ef_burn_tree_CH4_scale,min,15,1.7750223797163356,0.0
ef_burn_tree_CH4_scale,min,16,-0.7262339971362133,-0.33415925656264545
ef_burn_tree_CH4_scale,min,17,-24.986170583471758,0.0
ef_burn_tree_CH4_scale,min,18,-23.379304974171188,0.0
ef_burn_tree_CH4_scale,min,19,-22.797678080863086,0.0
ef_burn_tree_CH4_scale,min,20,-22.704341961129902,0.0
ef_burn_tree_CH4_scale,min,21,1.0733369505969725,-0.30378333710714056
ef_burn_tree_CH4_scale,min,22,-30.87145333959029,0.0
ef_burn_tree_CH4_scale,min,23,-27.573727505708817,0.0
ef_burn_tree_CH4_scale,min,24,-26.018712735458752,0.0
ef_burn_tree_CH4_scale,min,25,-25.31571692605147,0.0
ef_burn_tree_CH4_scale,min,26,3.330392102656783,-0.3621053258960405
ef_burn_tree_CH4_scale,min,27,-34.44568242708963,0.0
ef_burn_tree_CH4_scale,min,28,-30.052387321261442,0.0
ef_burn_tree_CH4_scale,min,29,-27.791478415157684,0.0
ef_burn_tree_CH4_scale,min,30,-26.562891807314497,0.0
ef_burn_tree_CH4_scale,min,31,7.22734402598126,-0.42303224189893385
ef_burn_tree_CH4_scale,min,32,-35.53367738070348,0.0
ef_burn_tree_CH4_scale,min,33,-30.41259974414123,0.0
ef_burn_tree_CH4_scale,min,34,-27.55845358768392,0.0
ef_burn_tree_CH4_scale,min,35,97.57215139957056,0.0
ef_burn_tree_CH4_scale,min,36,9.387256050809702,-0.8257834224127159
ef_burn_tree_CH4_scale,min,37,-15.979608620509401,0.0
ef_burn_tree_CH4_scale,min,38,-16.321186058660246,0.0
ef_burn_tree_CH4_scale,min,39,-16.248230629501137,0.0
ef_burn_tree_CH4_scale,min,40,-15.900281745049991,0.0
ef_burn_tree_CH4_scale,min,41,17.701758272644803,-0.42875490946448025
ef_burn_tree_CH4_scale,min,42,-25.758622476227632,0.0
ef_burn_tree_CH4_scale,min,43,-19.92949804075913,0.0
ef_burn_tree_CH4_scale,min,44,-16.487945174946535,0.0
ef_burn_tree_CH4_scale,min,45,-14.232699421028233,0.0
ef_burn_tree_CH4_scale,min,46,22.800312195473882,-0.45883813043316835
ef_burn_tree_CH4_scale,min,47,-23.08036936432731,0.0
ef_burn_tree_CH4_scale,min,48,-16.459984184533553,0.0
ef_burn_tree_CH4_scale,min,49,-12.539720754662996,0.0
ef_burn_tree_CH4_scale,min,50,-9.980621770478413,0.0
ef_burn_tree_CH4_scale,min,total,-877.5948817246549,-3.6058257439644876
ef_burn_tree_CH4_scale,max,1,-224.30392320611327,0.013586399999979903
ef_burn_tree_CH4_scale,max,2,19.02754498263409,0.0
ef_burn_tree_CH4_scale,max,3,-32.85897032179614,0.0
ef_burn_tree_CH4_scale,max,4,-25.262530622054047,0.0
ef_burn_tree_CH4_scale,max,5,-21.533935491592764,0.0
ef_burn_tree_CH4_scale,max,6,-2.67488917368532,0.19518409307810325
ef_burn_tree_CH4_scale,max,7,-13.50905562346939,0.0
ef_burn_tree_CH4_scale,max,8,-23.730122973425992,0.0
ef_burn_tree_CH4_scale,max,9,-17.893914665210495,0.0
ef_burn_tree_CH4_scale,max,10,-7.388933745348625,0.0
ef_burn_tree_CH4_scale,max,11,-0.5155488546879212,0.2605986271111145
ef_burn_tree_CH4_scale,max,12,-23.599794061998335,0.0
ef_burn_tree_CH4_scale,max,13,-22.067754772628838,0.0
ef_burn_tree_CH4_scale,max,14,-21.562609304731716,0.0
ef_burn_tree_CH4_scale,max,15,1.7750223797163356,0.0
ef_burn_tree_CH4_scale,max,16,-0.05791548401092239,0.33415925656264545
ef_burn_tree_CH4_scale,max,17,-24.986170583471758,0.0
ef_burn_tree_CH4_scale,max,18,-23.379304974171188,0.0
ef_burn_tree_CH4_scale,max,19,-22.797678080863086,0.0
ef_burn_tree_CH4_scale,max,20,-22.704341961129902,0.0
ef_burn_tree_CH4_scale,max,21,1.6809036248112545,0.30378333710714145
ef_burn_tree_CH4_scale,max,22,-30.87145333959029,0.0
ef_burn_tree_CH4_scale,max,23,-27.573727505708817,0.0
ef_burn_tree_CH4_scale,max,24,-26.018712735458752,0.0
ef_burn_tree_CH4_scale,max,25,-25.31571692605147,0.0
ef_burn_tree_CH4_scale,max,26,4.054602754448863,0.36210532589604005
ef_burn_tree_CH4_scale,max,27,-34.44568242708963,0.0
ef_burn_tree_CH4_scale,max,28,-30.052387321261442,0.0
ef_burn_tree_CH4_scale,max,29,-27.791478415157684,0.0
ef_burn_tree_CH4_scale,max,30,-26.562891807314497,0.0
ef_burn_tree_CH4_scale,max,31,8.073408509779131,0.4230322418989374
ef_burn_tree_CH4_scale,max,32,-35.53367738070348,0.0
ef_burn_tree_CH4_scale,max,33,-30.41259974414123,0.0
ef_burn_tree_CH4_scale,max,34,-27.55845358768392,0.0
ef_burn_tree_CH4_scale,max,35,97.57215139957056,0.0
ef_burn_tree_CH4_scale,max,36,11.038822895635136,0.8257834224127176
ef_burn_tree_CH4_scale,max,37,-15.979608620509401,0.0
ef_burn_tree_CH4_scale,max,38,-16.321186058660246,0.0
ef_burn_tree_CH4_scale,max,39,-16.248230629501137,0.0
ef_burn_tree_CH4_scale,max,40,-15.900281745049991,0.0
ef_burn_tree_CH4_scale,max,41,18.559268091573763,0.42875490946448025
ef_burn_tree_CH4_scale,max,42,-25.758622476227632,0.0
ef_burn_tree_CH4_scale,max,43,-19.92949804075913,0.0
ef_burn_tree_CH4_scale,max,44,-16.487945174946535,0.0
ef_burn_tree_CH4_scale,max,45,-14.232699421028233,0.0
ef_burn_tree_CH4_scale,max,46,23.71798845634022,0.45883813043316835
ef_burn_tree_CH4_scale,max,47,-23.08036936432731,0.0
ef_burn_tree_CH4_scale,max,48,-16.459984184533553,0.0
ef_burn_tree_CH4_scale,max,49,-12.539720754662996,0.0
ef_burn_tree_CH4_scale,max,50,-9.980621770478413,0.0
ef_burn_tree_CH4_scale,max,total,-870.3832302367261,3.6058257439642603
ef_N_inputs,min,1,-224.23723110423828,0.08027850187497165
ef_N_inputs,min,2,19.09274955063409,0.06520456799999863
ef_N_inputs,min,3,-32.859984640354604,-0.0010143185584610137
ef_N_inputs,min,4,-25.26654519303193,-0.0040145709778833805
ef_N_inputs,min,5,-21.541091880056413,-0.007156388463648966
ef_N_inputs,min,6,-2.829568405161998,0.040504861601425635
ef_N_inputs,min,7,-13.517250006989762,-0.008194383520372384
ef_N_inputs,min,8,-23.742219521540573,-0.01209654811458094
ef_N_inputs,min,9,-17.905969912735376,-0.012055247524880741
ef_N_inputs,min,10,-7.404720762094915,-0.015787016746290128
ef_N_inputs,min,11,-0.7438725090359655,0.03227497276307023
ef_N_inputs,min,12,-23.617041820428994,-0.017247758430659843
ef_N_inputs,min,13,-22.089013513221474,-0.02125874059263566
ef_N_inputs,min,14,-21.588021777357145,-0.025412472625429672
ef_N_inputs,min,15,1.7453145164453847,-0.029707863270950874
ef_N_inputs,min,16,-0.36729891088512767,0.024775829688440165
ef_N_inputs,min,17,-25.017027415480875,-0.030856832009117596
ef_N_inputs,min,18,-23.414538438909265,-0.0352334647380772
ef_N_inputs,min,19,-22.837408301830227,-0.039730220967140184
ef_N_inputs,min,20,-22.748683931551977,-0.04434197042207444
ef_N_inputs,min,21,1.3931195594443455,0.015999271740232412
ef_N_inputs,min,22,-30.922673188080626,-0.05121984849033723
ef_N_inputs,min,23,-27.629862885346817,-0.056135379638000416
ef_N_inputs,min,24,-26.079847466778137,-0.06113473131938463
ef_N_inputs,min,25,-25.381924173217822,-0.06620724716635351
ef_N_inputs,min,26,3.696417150797439,0.003919722244615453
ef_N_inputs,min,27,-34.522205656518786,-0.07652322942915646
ef_N_inputs,min,28,-30.13412682579987,-0.08173950453842949
ef_N_inputs,min,29,-27.87845304574432,-0.08697463058663502
ef_N_inputs,min,30,-26.655104091231728,-0.09221228391723102
ef_N_inputs,min,31,7.639594748920761,-0.010781518959433356
ef_N_inputs,min,32,-35.625761380647944,-0.09208399994446381
ef_N_inputs,min,33,-30.50982206995934,-0.09722232581811241
ef_N_inputs,min,34,-27.6607431491894,-0.1022895615054793
ef_N_inputs,min,35,97.4648854575804,-0.10726594199016404
ef_N_inputs,min,36,10.195447507448103,-0.0175919657743151
ef_N_inputs,min,37,-16.05575027823865,-0.07614165772925041
ef_N_inputs,min,38,-16.400995255363842,-0.07980919670359654
ef_N_inputs,min,39,-16.331571657299286,-0.08334102779814856
ef_N_inputs,min,40,-15.98700407951672,-0.08672233446672806
ef_N_inputs,min,41,18.123477201222535,-0.00703598088674795
ef_N_inputs,min,42,-25.85160043738698,-0.09297796115934887
ef_N_inputs,min,43,-20.025325046590567,-0.09582700583143833
ef_N_inputs,min,44,-16.586420456161925,-0.09847528121538929
ef_N_inputs,min,45,-14.33361265935319,-0.10091323832495647
ef_N_inputs,min,46,23.244669405877204,-0.0144809200298468
ef_N_inputs,min,47,-23.185496664504406,-0.10512730017709515
ef_N_inputs,min,48,-16.566876000770105,-0.1068918162365513
ef_N_inputs,min,49,-12.648143669702687,-0.10842291503969115
ef_N_inputs,min,50,-10.090340561783057,-0.10971879130464401
ef_N_inputs,min,total,-876.1954736457208,-2.206417665030358
ef_N_inputs,max,1,-224.39778810798828,-0.0802785018750285
ef_N_inputs,max,2,18.96234041463409,-0.06520456799999863
ef_N_inputs,max,3,-32.85795600323769,0.0010143185584539083
ef_N_inputs,max,4,-25.258516051076167,0.004014570977879828
ef_N_inputs,max,5,-21.526779103129115,0.007156388463648966
ef_N_inputs,max,6,-2.9105781283648486,-0.04050486160142519
ef_N_inputs,max,7,-13.500861239949014,0.008194383520375936
ef_N_inputs,max,8,-23.718026425311415,0.012096548114577388
ef_N_inputs,max,9,-17.881859417685618,0.012055247524877188
ef_N_inputs,max,10,-7.373146728602336,0.01578701674628924
ef_N_inputs,max,11,-0.8084224545621059,-0.03227497276307023
ef_N_inputs,max,12,-23.582546303567682,0.017247758430652738
ef_N_inputs,max,13,-22.04649603203621,0.021258740592628556
ef_N_inputs,max,14,-21.53719683210629,0.02541247262542612
ef_N_inputs,max,15,1.8047302429872873,0.029707863270951762
ef_N_inputs,max,16,-0.41685057026200933,-0.024775829688441497
ef_N_inputs,max,17,-24.955313751462647,0.03085683200911049
ef_N_inputs,max,18,-23.344071509433114,0.03523346473807365
ef_N_inputs,max,19,-22.757947859895953,0.03973022096713308
ef_N_inputs,max,20,-22.65999999070783,0.04434197042207089
ef_N_inputs,max,21,1.3611210159638798,-0.0159992717402333
ef_N_inputs,max,22,-30.82023349109996,0.05121984849033012
ef_N_inputs,max,23,-27.51759212607082,0.05613537963799686
ef_N_inputs,max,24,-25.957578004139375,0.06113473131937752
ef_N_inputs,max,25,-25.24950967888512,0.06620724716634996
ef_N_inputs,max,26,3.688577706308208,-0.003919722244615453
ef_N_inputs,max,27,-34.36915919766048,0.07652322942914935
ef_N_inputs,max,28,-29.970647816723012,0.08173950453842949
ef_N_inputs,max,29,-27.704503784571052,0.08697463058663146
ef_N_inputs,max,30,-26.47067952339727,0.09221228391722747
ef_N_inputs,max,31,7.66115778683963,0.01078151895943602
ef_N_inputs,max,32,-35.44159338075902,0.09208399994445671
ef_N_inputs,max,33,-30.315377418323116,0.09722232581811241
ef_N_inputs,max,34,-27.456164026178445,0.10228956150547575
ef_N_inputs,max,35,97.67941734156076,0.10726594199020667
ef_N_inputs,max,36,10.230631438996733,0.0175919657743151
ef_N_inputs,max,37,-15.90346696278015,0.07614165772925041
ef_N_inputs,max,38,-16.24137686195665,0.07980919670359654
ef_N_inputs,max,39,-16.164889601702992,0.083341027798145
ef_N_inputs,max,40,-15.813559410583265,0.08672233446672628
ef_N_inputs,max,41,18.137549162996027,0.007035980886744397
ef_N_inputs,max,42,-25.665644515068287,0.09297796115934531
ef_N_inputs,max,43,-19.83367103492769,0.09582700583143833
ef_N_inputs,max,44,-16.38946989373115,0.09847528121538573
ef_N_inputs,max,45,-14.131786182703276,0.10091323832495647
ef_N_inputs,max,46,23.273631245936894,0.014480920029843247
ef_N_inputs,max,47,-22.97524206415022,0.1051273001770916
ef_N_inputs,max,48,-16.353092368297,0.10689181623655486
ef_N_inputs,max,49,-12.431297839623307,0.10842291503968937
ef_N_inputs,max,50,-9.87090297917377,0.10971879130464224
ef_N_inputs,max,total,-871.7826383156604,2.206417665030017
combustion_factor_crop,min,1,-224.33163205436324,-0.014122448249992203
combustion_factor_crop,min,2,19.02027159213409,-0.0072733904999999766
combustion_factor_crop,min,3,-32.866243712296146,-0.007273390500003529
combustion_factor_crop,min,4,-25.269804012554047,-0.0072733904999999766
combustion_factor_crop,min,5,-21.541208882092764,-0.0072733904999999766
combustion_factor_crop,min,6,-2.878176682263424,-0.008103415500000377
combustion_factor_crop,min,7,-13.51632901396939,-0.0072733904999999766
combustion_factor_crop,min,8,-23.737396363925992,-0.0072733904999999766
combustion_factor_crop,min,9,-17.901188055710495,-0.0072733904999999766
combustion_factor_crop,min,10,-7.396207135848626,-0.007273390500000865
combustion_factor_crop,min,11,-0.7842508972990356,-0.008103415499999933
combustion_factor_crop,min,12,-23.606285367498337,-0.006491305500002653
combustion_factor_crop,min,13,-22.07424607812884,-0.006491305500002653
combustion_factor_crop,min,14,-21.569100610231718,-0.006491305500002653
combustion_factor_crop,min,15,1.7685310742163356,-0.006491305499999989
combustion_factor_crop,min,16,-0.39930682107356796,-0.0072320805000001265
combustion_factor_crop,min,17,-24.99266188897176,-0.006491305500002653
combustion_factor_crop,min,18,-23.38579627967119,-0.006491305500002653
combustion_factor_crop,min,19,-22.80416938636309,-0.006491305500002653
combustion_factor_crop,min,20,-22.710833266629905,-0.006491305500002653
combustion_factor_crop,min,21,1.3698882072041125,-0.007232080500000571
combustion_factor_crop,min,22,-30.877162560090287,-0.005709220499998224
combustion_factor_crop,min,23,-27.579436726208815,-0.005709220499998224
combustion_factor_crop,min,24,-26.02442195595875,-0.005709220499998224
combustion_factor_crop,min,25,-25.321426146551467,-0.005709220499998224
combustion_factor_crop,min,26,3.686136683052824,-0.006360745499999432
combustion_factor_crop,min,27,-34.45139164758963,-0.005709220500001777
combustion_factor_crop,min,28,-30.058096541761444,-0.005709220500001777
combustion_factor_crop,min,29,-27.797187635657686,-0.005709220500001777
combustion_factor_crop,min,30,-26.568601027814495,-0.005709220499998224
combustion_factor_crop,min,31,7.644015522380197,-0.006360745499996767
combustion_factor_crop,min,32,-35.53367738070348,0.0
combustion_factor_crop,min,33,-30.41259974414123,0.0
combustion_factor_crop,min,34,-27.55845358768392,0.0
combustion_factor_crop,min,35,97.57215139957056,0.0
combustion_factor_crop,min,36,10.213039473222418,0.0
combustion_factor_crop,min,37,-15.979608620509401,0.0
combustion_factor_crop,min,38,-16.321186058660246,0.0
combustion_factor_crop,min,39,-16.248230629501137,0.0
combustion_factor_crop,min,40,-15.900281745049991,0.0
combustion_factor_crop,min,41,18.130513182109283,0.0
combustion_factor_crop,min,42,-25.758622476227632,0.0
combustion_factor_crop,min,43,-19.92949804075913,0.0
combustion_factor_crop,min,44,-16.487945174946535,0.0
combustion_factor_crop,min,45,-14.232699421028233,0.0
combustion_factor_crop,min,46,23.25915032590705,0.0
combustion_factor_crop,min,47,-23.08036936432731,0.0
combustion_factor_crop,min,48,-16.459984184533553,0.0
combustion_factor_crop,min,49,-12.539720754662996,0.0
combustion_factor_crop,min,50,-9.980621770478413,0.0
combustion_factor_crop,min,total,-874.2023622439403,-0.21330626324993318
combustion_factor_crop,max,1,-224.30338715786326,0.014122448249992203
combustion_factor_crop,max,2,19.03481837313409,0.0072733904999999766
combustion_factor_crop,max,3,-32.851696931296146,0.007273390499996424
combustion_factor_crop,max,4,-25.255257231554047,0.0072733904999999766
combustion_factor_crop,max,5,-21.526662101092764,0.0072733904999999766
combustion_factor_crop,max,6,-2.8619698512634235,0.008103415499999933
combustion_factor_crop,max,7,-13.50178223296939,0.0072733904999999766
combustion_factor_crop,max,8,-23.722849582925992,0.0072733904999999766
combustion_factor_crop,max,9,-17.886641274710495,0.0072733904999999766
combustion_factor_crop,max,10,-7.381660354848625,0.0072733904999999766
combustion_factor_crop,max,11,-0.7680440662990358,0.008103415499999933
combustion_factor_crop,max,12,-23.593302756498336,0.0064913054999991004
combustion_factor_crop,max,13,-22.06126346712884,0.0064913054999991004
combustion_factor_crop,max,14,-21.556117999231716,0.0064913054999991004
combustion_factor_crop,max,15,1.7815136852163356,0.006491305499999989
combustion_factor_crop,max,16,-0.38484266007356904,0.007232080499998794
combustion_factor_crop,max,17,-24.97967927797176,0.0064913054999991004
combustion_factor_crop,max,18,-23.37281366867119,0.0064913054999991004
combustion_factor_crop,max,19,-22.791186775363087,0.0064913054999991004
combustion_factor_crop,max,20,-22.697850655629903,0.0064913054999991004
combustion_factor_crop,max,21,1.3843523682041128,0.007232080499999682
combustion_factor_crop,max,22,-30.86574411909029,0.005709220499998224
combustion_factor_crop,max,23,-27.56801828520882,0.005709220499998224
combustion_factor_crop,max,24,-26.013003514958754,0.005709220499998224
combustion_factor_crop,max,25,-25.31000770555147,0.005709220499998224
combustion_factor_crop,max,26,3.698858174052823,0.006360745499999432
combustion_factor_crop,max,27,-34.439973206589634,0.005709220499994672
combustion_factor_crop,max,28,-30.04667810076144,0.005709220500001777
combustion_factor_crop,max,29,-27.785769194657682,0.005709220500001777
combustion_factor_crop,max,30,-26.5571825868145,0.005709220499998224
combustion_factor_crop,max,31,7.656737013380194,0.00636074550000032
combustion_factor_crop,max,32,-35.53367738070348,0.0
combustion_factor_crop,max,33,-30.41259974414123,0.0
combustion_factor_crop,max,34,-27.55845358768392,0.0
combustion_factor_crop,max,35,97.57215139957056,0.0
combustion_factor_crop,max,36,10.213039473222418,0.0
combustion_factor_crop,max,37,-15.979608620509401,0.0
combustion_factor_crop,max,38,-16.321186058660246,0.0
combustion_factor_crop,max,39,-16.248230629501137,0.0
combustion_factor_crop,max,40,-15.900281745049991,0.0
combustion_factor_crop,max,41,18.130513182109283,0.0
combustion_factor_crop,max,42,-25.758622476227632,0.0
combustion_factor_crop,max,43,-19.92949804075913,0.0
combustion_factor_crop,max,44,-16.487945174946535,0.0
combustion_factor_crop,max,45,-14.232699421028233,0.0
combustion_factor_crop,max,46,23.25915032590705,0.0
combustion_factor_crop,max,47,-23.08036936432731,0.0
combustion_factor_crop,max,48,-16.459984184533553,0.0
combustion_factor_crop,max,49,-12.539720754662996,0.0
combustion_factor_crop,max,50,-9.980621770478413,0.0
combustion_factor_crop,max,total,-873.7757497174405,0.21330626324993318
combustion_factor_tree,min,1,-224.32942212611326,-0.011912520000009863
combustion_factor_tree,min,2,19.02754498263409,0.0
combustion_factor_tree,min,3,-32.85897032179614,0.0
combustion_factor_tree,min,4,-25.262530622054047,0.0
combustion_factor_tree,min,5,-21.533935491592764,0.0
combustion_factor_tree,min,6,-3.084479667194042,-0.21440640043061876
combustion_factor_tree,min,7,-13.50905562346939,0.0
combustion_factor_tree,min,8,-23.730122973425992,0.0
combustion_factor_tree,min,9,-17.893914665210495,0.0
combustion_factor_tree,min,10,-7.388933745348625,0.0
combustion_factor_tree,min,11,-1.0683938243017672,-0.2922463425027315
combustion_factor_tree,min,12,-23.599794061998335,0.0
combustion_factor_tree,min,13,-22.067754772628838,0.0
combustion_factor_tree,min,14,-21.562609304731716,0.0
combustion_factor_tree,min,15,1.7750223797163356,0.0
combustion_factor_tree,min,16,-0.7717027406015506,-0.3796280000279828
combustion_factor_tree,min,17,-24.986170583471758,0.0
combustion_factor_tree,min,18,-23.379304974171188,0.0
combustion_factor_tree,min,19,-22.797678080863086,0.0
combustion_factor_tree,min,20,-22.704341961129902,0.0
combustion_factor_tree,min,21,1.0423074628152844,-0.3348128248888287
combustion_factor_tree,min,22,-30.87145333959029,0.0
combustion_factor_tree,min,23,-27.573727505708817,0.0
combustion_factor_tree,min,24,-26.018712735458752,0.0
combustion_factor_tree,min,25,-25.31571692605147,0.0
combustion_factor_tree,min,26,3.292910298428914,-0.39958713012390934
combustion_factor_tree,min,27,-34.44568242708963,0.0
combustion_factor_tree,min,28,-30.052387321261442,0.0
combustion_factor_tree,min,29,-27.791478415157684,0.0
combustion_factor_tree,min,30,-26.562891807314497,0.0
combustion_factor_tree,min,31,7.183136291984994,-0.4672399758952004
combustion_factor_tree,min,32,-35.53367738070348,0.0
combustion_factor_tree,min,33,-30.41259974414123,0.0
combustion_factor_tree,min,34,-27.55845358768392,0.0
combustion_factor_tree,min,35,97.57215139957056,0.0
combustion_factor_tree,min,36,9.240154032767492,-0.9728854404549256
combustion_factor_tree,min,37,-15.979608620509401,0.0
combustion_factor_tree,min,38,-16.321186058660246,0.0
combustion_factor_tree,min,39,-16.248230629501137,0.0
combustion_factor_tree,min,40,-15.900281745049991,0.0
combustion_factor_tree,min,41,17.657155783088378,-0.47335739902090523
combustion_factor_tree,min,42,-25.758622476227632,0.0
combustion_factor_tree,min,43,-19.92949804075913,0.0
combustion_factor_tree,min,44,-16.487945174946535,0.0
combustion_factor_tree,min,45,-14.232699421028233,0.0
combustion_factor_tree,min,46,22.752512185166,-0.5066381407410496
combustion_factor_tree,min,47,-23.08036936432731,0.0
combustion_factor_tree,min,48,-16.459984184533553,0.0
combustion_factor_tree,min,49,-12.539720754662996,0.0
combustion_factor_tree,min,50,-9.980621770478413,0.0
combustion_factor_tree,min,total,-878.0417701547766,-4.052714174086191
combustion_factor_tree,max,1,-224.30559708611327,0.011912519999981441
combustion_factor_tree,max,2,19.02754498263409,0.0
combustion_factor_tree,max,3,-32.85897032179614,0.0
combustion_factor_tree,max,4,-25.262530622054047,0.0
combustion_factor_tree,max,5,-21.533935491592764,0.0
combustion_factor_tree,max,6,-2.6556668663328056,0.21440640043061787
combustion_factor_tree,max,7,-13.50905562346939,0.0
combustion_factor_tree,max,8,-23.730122973425992,0.0
combustion_factor_tree,max,9,-17.893914665210495,0.0
combustion_factor_tree,max,10,-7.388933745348625,0.0
combustion_factor_tree,max,11,-0.4839011392963046,0.29224634250273107
combustion_factor_tree,max,12,-23.599794061998335,0.0
combustion_factor_tree,max,13,-22.067754772628838,0.0
combustion_factor_tree,max,14,-21.562609304731716,0.0
combustion_factor_tree,max,15,1.7750223797163356,0.0
combustion_factor_tree,max,16,-0.01244674054558459,0.37962800002798325
combustion_factor_tree,max,17,-24.986170583471758,0.0
combustion_factor_tree,max,18,-23.379304974171188,0.0
combustion_factor_tree,max,19,-22.797678080863086,0.0
combustion_factor_tree,max,20,-22.704341961129902,0.0
combustion_factor_tree,max,21,1.7119331125929427,0.3348128248888296
combustion_factor_tree,max,22,-30.87145333959029,0.0
combustion_factor_tree,max,23,-27.573727505708817,0.0
combustion_factor_tree,max,24,-26.018712735458752,0.0
combustion_factor_tree,max,25,-25.31571692605147,0.0
combustion_factor_tree,max,26,4.092084558676731,0.399587130123908
combustion_factor_tree,max,27,-34.44568242708963,0.0
combustion_factor_tree,max,28,-30.052387321261442,0.0
combustion_factor_tree,max,29,-27.791478415157684,0.0
combustion_factor_tree,max,30,-26.562891807314497,0.0
combustion_factor_tree,max,31,8.117616243775398,0.46723997589520394
combustion_factor_tree,max,32,-35.53367738070348,0.0
combustion_factor_tree,max,33,-30.41259974414123,0.0
combustion_factor_tree,max,34,-27.55845358768392,0.0
combustion_factor_tree,max,35,97.57215139957056,0.0
combustion_factor_tree,max,36,11.185924913677349,0.972885440454931
combustion_factor_tree,max,37,-15.979608620509401,0.0
combustion_factor_tree,max,38,-16.321186058660246,0.0
combustion_factor_tree,max,39,-16.248230629501137,0.0
combustion_factor_tree,max,40,-15.900281745049991,0.0
combustion_factor_tree,max,41,18.603870581130188,0.47335739902090523
combustion_factor_tree,max,42,-25.758622476227632,0.0
combustion_factor_tree,max,43,-19.92949804075913,0.0
combustion_factor_tree,max,44,-16.487945174946535,0.0
combustion_factor_tree,max,45,-14.232699421028233,0.0
combustion_factor_tree,max,46,23.7657884666481,0.5066381407410496
combustion_factor_tree,max,47,-23.08036936432731,0.0
combustion_factor_tree,max,48,-16.459984184533553,0.0
combustion_factor_tree,max,49,-12.539720754662996,0.0
combustion_factor_tree,max,50,-9.980621770478413,0.0
combustion_factor_tree,max,total,-869.9363418066043,4.052714174086077
volatile_frac_organic_fertiliser,min,1,-224.31588798611327,0.0016216199999803393
volatile_frac_organic_fertiliser,min,2,19.02916660263409,0.001621619999998103
volatile_frac_organic_fertiliser,min,3,-32.85734870179615,0.0016216199999945502
volatile_frac_organic_fertiliser,min,4,-25.26090900205405,0.001621619999998103
volatile_frac_organic_fertiliser,min,5,-21.532313871592763,0.0016216200000016556
volatile_frac_organic_fertiliser,min,6,-2.8684516467634236,0.0016216199999998793
volatile_frac_organic_fertiliser,min,7,-13.507434003469388,0.0016216200000016556
volatile_frac_organic_fertiliser,min,8,-23.728501353425994,0.001621619999998103
volatile_frac_organic_fertiliser,min,9,-17.892293045210494,0.0016216200000016556
volatile_frac_organic_fertiliser,min,10,-7.387312125348625,0.0016216199999998793
volatile_frac_organic_fertiliser,min,11,-0.7745258617990358,0.0016216199999998793
volatile_frac_organic_fertiliser,min,12,-23.598172441998337,0.001621619999998103
volatile_frac_organic_fertiliser,min,13,-22.06613315262884,0.001621619999998103
volatile_frac_organic_fertiliser,min,14,-21.560987684731717,0.001621619999998103
volatile_frac_organic_fertiliser,min,15,1.7766439997163355,0.0016216199999998793
volatile_frac_organic_fertiliser,min,16,-0.39045312057356796,0.0016216199999998793
volatile_frac_organic_fertiliser,min,17,-24.98454896347176,0.001621619999998103
volatile_frac_organic_fertiliser,min,18,-23.37768335417119,0.001621619999998103
volatile_frac_organic_fertiliser,min,19,-22.79605646086309,0.001621619999998103
volatile_frac_organic_fertiliser,min,20,-22.702720341129904,0.001621619999998103
volatile_frac_organic_fertiliser,min,21,1.378741907704113,0.0016216199999998793
volatile_frac_organic_fertiliser,min,22,-30.86983171959029,0.001621619999998103
volatile_frac_organic_fertiliser,min,23,-27.57210588570882,0.001621619999998103
volatile_frac_organic_fertiliser,min,24,-26.017091115458754,0.001621619999998103
volatile_frac_organic_fertiliser,min,25,-25.31409530605147,0.001621619999998103
volatile_frac_organic_fertiliser,min,26,3.6941190485528232,0.0016216199999998793
volatile_frac_organic_fertiliser,min,27,-34.444060807089635,0.0016216199999945502
volatile_frac_organic_fertiliser,min,28,-30.050765701261444,0.001621619999998103
volatile_frac_organic_fertiliser,min,29,-27.789856795157686,0.001621619999998103
volatile_frac_organic_fertiliser,min,30,-26.5612701873145,0.001621619999998103
volatile_frac_organic_fertiliser,min,31,7.651997887880194,0.0016216199999998793
volatile_frac_organic_fertiliser,min,32,-35.53205576070348,0.0016216200000016556
volatile_frac_organic_fertiliser,min,33,-30.41097812414123,0.001621619999998103
volatile_frac_organic_fertiliser,min,34,-27.556831967683923,0.001621619999998103
volatile_frac_organic_fertiliser,min,35,97.57377301957057,0.001621620000008761
volatile_frac_organic_fertiliser,min,36,10.214661093222418,0.0016216199999998793
volatile_frac_organic_fertiliser,min,37,-15.977987000509401,0.0016216199999998793
volatile_frac_organic_fertiliser,min,38,-16.319564438660244,0.0016216200000016556
volatile_frac_organic_fertiliser,min,39,-16.24660900950114,0.001621619999998103
volatile_frac_organic_fertiliser,min,40,-15.89866012504999,0.0016216200000016556
volatile_frac_organic_fertiliser,min,41,18.13213480210928,0.001621619999998103
volatile_frac_organic_fertiliser,min,42,-25.757000856227634,0.001621619999998103
volatile_frac_organic_fertiliser,min,43,-19.927876420759127,0.0016216200000016556
volatile_frac_organic_fertiliser,min,44,-16.486323554946537,0.001621619999998103
volatile_frac_organic_fertiliser,min,45,-14.231077801028231,0.0016216200000016556
volatile_frac_organic_fertiliser,min,46,23.26077194590705,0.001621619999998103
volatile_frac_organic_fertiliser,min,47,-23.078747744327313,0.001621619999998103
volatile_frac_organic_fertiliser,min,48,-16.45836256453355,0.0016216200000016556
volatile_frac_organic_fertiliser,min,49,-12.538099134662996,0.0016216199999998793
volatile_frac_organic_fertiliser,min,50,-9.979000150478413,0.0016216199999998793
volatile_frac_organic_fertiliser,min,total,-873.9079749806905,0.08108099999992646
volatile_frac_organic_fertiliser,max,1,-224.31913122611326,-0.001621620000008761
volatile_frac_organic_fertiliser,max,2,19.02592336263409,-0.0016216200000016556
volatile_frac_organic_fertiliser,max,3,-32.860591941796145,-0.0016216200000016556
volatile_frac_organic_fertiliser,max,4,-25.26415224205405,-0.0016216200000016556
volatile_frac_organic_fertiliser,max,5,-21.535557111592762,-0.001621619999998103
volatile_frac_organic_fertiliser,max,6,-2.8716948867634233,-0.0016216199999998793
volatile_frac_organic_fertiliser,max,7,-13.510677243469388,-0.001621619999998103
volatile_frac_organic_fertiliser,max,8,-23.731744593425994,-0.0016216200000016556
volatile_frac_organic_fertiliser,max,9,-17.895536285210497,-0.0016216200000016556
volatile_frac_organic_fertiliser,max,10,-7.390555365348625,-0.0016216199999998793
volatile_frac_organic_fertiliser,max,11,-0.7777691017990356,-0.0016216199999998793
volatile_frac_organic_fertiliser,max,12,-23.601415681998336,-0.0016216200000016556
volatile_frac_organic_fertiliser,max,13,-22.06937639262884,-0.0016216200000016556
volatile_frac_organic_fertiliser,max,14,-21.564230924731717,-0.0016216200000016556
volatile_frac_organic_fertiliser,max,15,1.7734007597163357,-0.0016216199999998793
volatile_frac_organic_fertiliser,max,16,-0.3936963605735677,-0.0016216199999998793
volatile_frac_organic_fertiliser,max,17,-24.98779220347176,-0.0016216200000016556
volatile_frac_organic_fertiliser,max,18,-23.38092659417119,-0.0016216200000016556
volatile_frac_organic_fertiliser,max,19,-22.799299700863088,-0.0016216200000016556
volatile_frac_organic_fertiliser,max,20,-22.705963581129904,-0.0016216200000016556
volatile_frac_organic_fertiliser,max,21,1.3754986677041132,-0.0016216199999998793
volatile_frac_organic_fertiliser,max,22,-30.87307495959029,-0.0016216200000016556
volatile_frac_organic_fertiliser,max,23,-27.57534912570882,-0.0016216200000016556
volatile_frac_organic_fertiliser,max,24,-26.020334355458754,-0.0016216200000016556
volatile_frac_organic_fertiliser,max,25,-25.31733854605147,-0.0016216200000016556
volatile_frac_organic_fertiliser,max,26,3.6908758085528235,-0.0016216199999998793
volatile_frac_organic_fertiliser,max,27,-34.44730404708963,-0.0016216200000016556
volatile_frac_organic_fertiliser,max,28,-30.054008941261444,-0.0016216200000016556
volatile_frac_organic_fertiliser,max,29,-27.793100035157686,-0.0016216200000016556
volatile_frac_organic_fertiliser,max,30,-26.5645134273145,-0.0016216200000016556
volatile_frac_organic_fertiliser,max,31,7.648754647880194,-0.0016216199999998793
volatile_frac_organic_fertiliser,max,32,-35.53529900070348,-0.0016216200000016556
volatile_frac_organic_fertiliser,max,33,-30.41422136414123,-0.0016216200000016556
volatile_frac_organic_fertiliser,max,34,-27.560075207683923,-0.0016216200000016556
volatile_frac_organic_fertiliser,max,35,97.57052977957056,-0.0016216199999945502
volatile_frac_organic_fertiliser,max,36,10.211417853222418,-0.0016216199999998793
volatile_frac_organic_fertiliser,max,37,-15.9812302405094,-0.0016216199999998793
volatile_frac_organic_fertiliser,max,38,-16.322807678660244,-0.001621619999998103
volatile_frac_organic_fertiliser,max,39,-16.24985224950114,-0.0016216200000016556
volatile_frac_organic_fertiliser,max,40,-15.90190336504999,-0.001621619999998103
volatile_frac_organic_fertiliser,max,41,18.12889156210928,-0.0016216200000016556
volatile_frac_organic_fertiliser,max,42,-25.760244096227634,-0.0016216200000016556
volatile_frac_organic_fertiliser,max,43,-19.93111966075913,-0.0016216200000016556
volatile_frac_organic_fertiliser,max,44,-16.489566794946537,-0.0016216200000016556
volatile_frac_organic_fertiliser,max,45,-14.234321041028231,-0.001621619999998103
volatile_frac_organic_fertiliser,max,46,23.25752870590705,-0.0016216200000016556
volatile_frac_organic_fertiliser,max,47,-23.081990984327312,-0.0016216200000016556
volatile_frac_organic_fertiliser,max,48,-16.46160580453355,-0.001621619999998103
volatile_frac_organic_fertiliser,max,49,-12.541342374662996,-0.0016216199999998793
volatile_frac_organic_fertiliser,max,50,-9.982243390478413,-0.0016216199999998793
volatile_frac_organic_fertiliser,max,total,-874.0701369806904,-0.08108100000004015
volatile_frac_synthetic_fertiliser,min,1,-224.32694760611327,-0.009438000000017155
volatile_frac_synthetic_fertiliser,min,2,19.018106982634087,-0.009438000000002944
volatile_frac_synthetic_fertiliser,min,3,-32.868408321796146,-0.009438000000002944
volatile_frac_synthetic_fertiliser,min,4,-25.271968622054047,-0.009437999999999391
volatile_frac_synthetic_fertiliser,min,5,-21.543373491592764,-0.009437999999999391
volatile_frac_synthetic_fertiliser,min,6,-2.879511266763423,-0.009437999999999391
volatile_frac_synthetic_fertiliser,min,7,-13.51849362346939,-0.009437999999999391
volatile_frac_synthetic_fertiliser,min,8,-23.73956097342599,-0.009437999999999391
volatile_frac_synthetic_fertiliser,min,9,-17.903352665210495,-0.009437999999999391
volatile_frac_synthetic_fertiliser,min,10,-7.398371745348625,-0.009437999999999391
volatile_frac_synthetic_fertiliser,min,11,-0.7855854817990351,-0.009437999999999391
volatile_frac_synthetic_fertiliser,min,12,-23.609232061998334,-0.009437999999999391
volatile_frac_synthetic_fertiliser,min,13,-22.07719277262884,-0.009438000000002944
volatile_frac_synthetic_fertiliser,min,14,-21.57204730473172,-0.009438000000002944
volatile_frac_synthetic_fertiliser,min,15,1.7655843797163362,-0.009437999999999391
volatile_frac_synthetic_fertiliser,min,16,-0.4015127405735681,-0.00943800000000028
volatile_frac_synthetic_fertiliser,min,17,-24.995608583471757,-0.009437999999999391
volatile_frac_synthetic_fertiliser,min,18,-23.388742974171187,-0.009437999999999391
volatile_frac_synthetic_fertiliser,min,19,-22.807116080863086,-0.009437999999999391
volatile_frac_synthetic_fertiliser,min,20,-22.7137799611299,-0.009437999999999391
volatile_frac_synthetic_fertiliser,min,21,1.3676822877041128,-0.00943800000000028
volatile_frac_synthetic_fertiliser,min,22,-30.88089133959029,-0.009437999999999391
volatile_frac_synthetic_fertiliser,min,23,-27.58316550570882,-0.009438000000002944
volatile_frac_synthetic_fertiliser,min,24,-26.028150735458752,-0.009437999999999391
volatile_frac_synthetic_fertiliser,min,25,-25.325154926051468,-0.009437999999999391
volatile_frac_synthetic_fertiliser,min,26,3.683059428552823,-0.00943800000000028
volatile_frac_synthetic_fertiliser,min,27,-34.45512042708963,-0.009438000000002944
volatile_frac_synthetic_fertiliser,min,28,-30.06182532126144,-0.009437999999999391
volatile_frac_synthetic_fertiliser,min,29,-27.800916415157687,-0.009438000000002944
volatile_frac_synthetic_fertiliser,min,30,-26.572329807314496,-0.009437999999999391
volatile_frac_synthetic_fertiliser,min,31,7.640938267880193,-0.009438000000001168
volatile_frac_synthetic_fertiliser,min,32,-35.54311538070348,-0.009438000000002944
volatile_frac_synthetic_fertiliser,min,33,-30.422037744141228,-0.009437999999999391
volatile_frac_synthetic_fertiliser,min,34,-27.56789158768392,-0.009437999999999391
volatile_frac_synthetic_fertiliser,min,35,97.56271339957057,-0.009437999999988733
volatile_frac_synthetic_fertiliser,min,36,10.203601473222419,-0.009437999999999391
volatile_frac_synthetic_fertiliser,min,37,-15.9890466205094,-0.009437999999999391
volatile_frac_synthetic_fertiliser,min,38,-16.330624058660245,-0.009437999999999391
volatile_frac_synthetic_fertiliser,min,39,-16.25766862950114,-0.009438000000002944
volatile_frac_synthetic_fertiliser,min,40,-15.90971974504999,-0.009437999999999391
volatile_frac_synthetic_fertiliser,min,41,18.121075182109283,-0.009437999999999391
volatile_frac_synthetic_fertiliser,min,42,-25.76806047622763,-0.009437999999999391
volatile_frac_synthetic_fertiliser,min,43,-19.938936040759128,-0.009437999999999391
volatile_frac_synthetic_fertiliser,min,44,-16.497383174946535,-0.009437999999999391
volatile_frac_synthetic_fertiliser,min,45,-14.242137421028232,-0.009437999999999391
volatile_frac_synthetic_fertiliser,min,46,23.24971232590705,-0.009437999999999391
volatile_frac_synthetic_fertiliser,min,47,-23.089807364327314,-0.009438000000002944
volatile_frac_synthetic_fertiliser,min,48,-16.469422184533553,-0.009437999999999391
volatile_frac_synthetic_fertiliser,min,49,-12.549158754662995,-0.009437999999999391
volatile_frac_synthetic_fertiliser,min,50,-9.990059770478414,-0.009438000000001168
volatile_frac_synthetic_fertiliser,min,total,-874.4609559806906,-0.47190000000023247
volatile_frac_synthetic_fertiliser,max,1,-224.30807160611326,0.009437999999988733
volatile_frac_synthetic_fertiliser,max,2,19.03698298263409,0.009437999999999391
volatile_frac_synthetic_fertiliser,max,3,-32.84953232179615,0.009437999999995839
volatile_frac_synthetic_fertiliser,max,4,-25.253092622054048,0.009437999999999391
volatile_frac_synthetic_fertiliser,max,5,-21.52449749159276,0.009438000000002944
volatile_frac_synthetic_fertiliser,max,6,-2.860635266763423,0.00943800000000028
volatile_frac_synthetic_fertiliser,max,7,-13.499617623469389,0.009438000000001168
volatile_frac_synthetic_fertiliser,max,8,-23.720684973425993,0.009437999999999391
volatile_frac_synthetic_fertiliser,max,9,-17.884476665210496,0.009437999999999391
volatile_frac_synthetic_fertiliser,max,10,-7.379495745348626,0.009437999999999391
volatile_frac_synthetic_fertiliser,max,11,-0.7667094817990354,0.00943800000000028
volatile_frac_synthetic_fertiliser,max,12,-23.590356061998335,0.009437999999999391
volatile_frac_synthetic_fertiliser,max,13,-22.05831677262884,0.009437999999999391
volatile_frac_synthetic_fertiliser,max,14,-21.553171304731716,0.009437999999999391
volatile_frac_synthetic_fertiliser,max,15,1.7844603797163359,0.00943800000000028
volatile_frac_synthetic_fertiliser,max,16,-0.38263674057356756,0.00943800000000028
volatile_frac_synthetic_fertiliser,max,17,-24.976732583471758,0.009437999999999391
volatile_frac_synthetic_fertiliser,max,18,-23.369866974171188,0.009437999999999391
volatile_frac_synthetic_fertiliser,max,19,-22.788240080863087,0.009437999999999391
volatile_frac_synthetic_fertiliser,max,20,-22.694903961129903,0.009437999999999391
volatile_frac_synthetic_fertiliser,max,21,1.386558287704113,0.009437999999999835
volatile_frac_synthetic_fertiliser,max,22,-30.86201533959029,0.009437999999999391
volatile_frac_synthetic_fertiliser,max,23,-27.564289505708818,0.009437999999999391
volatile_frac_synthetic_fertiliser,max,24,-26.009274735458753,0.009437999999999391
volatile_frac_synthetic_fertiliser,max,25,-25.30627892605147,0.009437999999999391
volatile_frac_synthetic_fertiliser,max,26,3.701935428552823,0.009437999999999835
volatile_frac_synthetic_fertiliser,max,27,-34.43624442708963,0.009437999999995839
volatile_frac_synthetic_fertiliser,max,28,-30.042949321261442,0.009437999999999391
volatile_frac_synthetic_fertiliser,max,29,-27.782040415157685,0.009437999999999391
volatile_frac_synthetic_fertiliser,max,30,-26.553453807314497,0.009437999999999391
volatile_frac_synthetic_fertiliser,max,31,7.6598142678801935,0.009437999999999391
volatile_frac_synthetic_fertiliser,max,32,-35.524239380703484,0.009437999999995839
volatile_frac_synthetic_fertiliser,max,33,-30.40316174414123,0.009437999999999391
volatile_frac_synthetic_fertiliser,max,34,-27.549015587683922,0.009437999999999391
volatile_frac_synthetic_fertiliser,max,35,97.58158939957056,0.009438000000002944
volatile_frac_synthetic_fertiliser,max,36,10.222477473222419,0.009438000000001168
volatile_frac_synthetic_fertiliser,max,37,-15.9701706205094,0.009438000000001168
volatile_frac_synthetic_fertiliser,max,38,-16.311748058660246,0.009437999999999391
volatile_frac_synthetic_fertiliser,max,39,-16.238792629501138,0.009437999999999391
volatile_frac_synthetic_fertiliser,max,40,-15.89084374504999,0.009438000000001168
volatile_frac_synthetic_fertiliser,max,41,18.139951182109286,0.009438000000002944
volatile_frac_synthetic_fertiliser,max,42,-25.749184476227633,0.009437999999999391
volatile_frac_synthetic_fertiliser,max,43,-19.920060040759125,0.009438000000002944
volatile_frac_synthetic_fertiliser,max,44,-16.478507174946536,0.009437999999999391
volatile_frac_synthetic_fertiliser,max,45,-14.223261421028232,0.009438000000001168
volatile_frac_synthetic_fertiliser,max,46,23.26858832590705,0.009437999999999391
volatile_frac_synthetic_fertiliser,max,47,-23.07093136432731,0.009437999999999391
volatile_frac_synthetic_fertiliser,max,48,-16.450546184533554,0.009437999999999391
volatile_frac_synthetic_fertiliser,max,49,-12.530282754662995,0.009438000000001168
volatile_frac_synthetic_fertiliser,max,50,-9.971183770478413,0.009437999999999391
volatile_frac_synthetic_fertiliser,max,total,-873.5171559806904,0.4719000000000051
base_sf_qty_scale,min,1,-224.24114760611326,0.07636199999998894
base_sf_qty_scale,min,2,19.10390698263409,0.0763619999999996
base_sf_qty_scale,min,3,-32.78260832179615,0.07636199999999604
base_sf_qty_scale,min,4,-25.186168622054048,0.0763619999999996
base_sf_qty_scale,min,5,-21.45757349159276,0.07636200000000315
base_sf_qty_scale,min,6,-2.793711266763423,0.07636200000000049
base_sf_qty_scale,min,7,-13.432693623469389,0.07636200000000137
base_sf_qty_scale,min,8,-23.653760973425992,0.0763619999999996
base_sf_qty_scale,min,9,-17.817552665210496,0.0763619999999996
base_sf_qty_scale,min,10,-7.312571745348626,0.0763619999999996
base_sf_qty_scale,min,11,-0.6997854817990352,0.07636200000000049
base_sf_qty_scale,min,12,-23.523432061998335,0.0763619999999996
base_sf_qty_scale,min,13,-21.99139277262884,0.0763619999999996
base_sf_qty_scale,min,14,-21.486247304731716,0.0763619999999996
base_sf_qty_scale,min,15,1.851384379716336,0.07636200000000049
base_sf_qty_scale,min,16,-0.3157127405735678,0.07636200000000004
base_sf_qty_scale,min,17,-24.909808583471758,0.0763619999999996
base_sf_qty_scale,min,18,-23.302942974171188,0.0763619999999996
base_sf_qty_scale,min,19,-22.721316080863087,0.0763619999999996
base_sf_qty_scale,min,20,-22.627979961129903,0.0763619999999996
base_sf_qty_scale,min,21,1.4534822877041131,0.07636200000000004
base_sf_qty_scale,min,22,-30.79509133959029,0.0763619999999996
base_sf_qty_scale,min,23,-27.497365505708817,0.0763619999999996
base_sf_qty_scale,min,24,-25.942350735458753,0.0763619999999996
base_sf_qty_scale,min,25,-25.23935492605147,0.0763619999999996
base_sf_qty_scale,min,26,3.7688594285528234,0.07636200000000004
base_sf_qty_scale,min,27,-34.36932042708963,0.07636199999999604
base_sf_qty_scale,min,28,-29.976025321261442,0.0763619999999996
base_sf_qty_scale,min,29,-27.715116415157684,0.0763619999999996
base_sf_qty_scale,min,30,-26.486529807314497,0.0763619999999996
base_sf_qty_scale,min,31,7.726738267880194,0.0763619999999996
base_sf_qty_scale,min,32,-35.457315380703484,0.07636199999999604
base_sf_qty_scale,min,33,-30.33623774414123,0.0763619999999996
base_sf_qty_scale,min,34,-27.48209158768392,0.0763619999999996
base_sf_qty_scale,min,35,97.64851339957056,0.07636200000000315
base_sf_qty_scale,min,36,10.289401473222417,0.0763619999999996
base_sf_qty_scale,min,37,-15.903246620509401,0.0763619999999996
base_sf_qty_scale,min,38,-16.244824058660246,0.0763619999999996
base_sf_qty_scale,min,39,-16.171868629501137,0.0763619999999996
base_sf_qty_scale,min,40,-15.82391974504999,0.07636200000000137
base_sf_qty_scale,min,41,18.206875182109286,0.07636200000000315
base_sf_qty_scale,min,42,-25.682260476227633,0.0763619999999996
base_sf_qty_scale,min,43,-19.853136040759125,0.07636200000000315
base_sf_qty_scale,min,44,-16.411583174946536,0.0763619999999996
base_sf_qty_scale,min,45,-14.156337421028232,0.07636200000000137
base_sf_qty_scale,min,46,23.33551232590705,0.0763619999999996
base_sf_qty_scale,min,47,-23.00400736432731,0.0763619999999996
base_sf_qty_scale,min,48,-16.383622184533554,0.0763619999999996
base_sf_qty_scale,min,49,-12.463358754662995,0.07636200000000137
base_sf_qty_scale,min,50,-9.904259770478413,0.0763619999999996
base_sf_qty_scale,min,total,-870.1709559806906,3.818099999999845
base_sf_qty_scale,max,1,-224.39387160611327,-0.07636200000001736
base_sf_qty_scale,max,2,18.951182982634087,-0.07636200000000315
base_sf_qty_scale,max,3,-32.935332321796146,-0.07636200000000315
base_sf_qty_scale,max,4,-25.338892622054047,-0.0763619999999996
base_sf_qty_scale,max,5,-21.610297491592764,-0.0763619999999996
base_sf_qty_scale,max,6,-2.946435266763423,-0.0763619999999996
base_sf_qty_scale,max,7,-13.58541762346939,-0.0763619999999996
base_sf_qty_scale,max,8,-23.80648497342599,-0.0763619999999996
base_sf_qty_scale,max,9,-17.970276665210495,-0.0763619999999996
base_sf_qty_scale,max,10,-7.465295745348625,-0.0763619999999996
base_sf_qty_scale,max,11,-0.8525094817990353,-0.0763619999999996
base_sf_qty_scale,max,12,-23.676156061998334,-0.0763619999999996
base_sf_qty_scale,max,13,-22.14411677262884,-0.07636200000000315
base_sf_qty_scale,max,14,-21.63897130473172,-0.07636200000000315
base_sf_qty_scale,max,15,1.698660379716336,-0.0763619999999996
base_sf_qty_scale,max,16,-0.4684367405735683,-0.07636200000000049
base_sf_qty_scale,max,17,-25.062532583471757,-0.0763619999999996
base_sf_qty_scale,max,18,-23.455666974171187,-0.0763619999999996
base_sf_qty_scale,max,19,-22.874040080863086,-0.0763619999999996
base_sf_qty_scale,max,20,-22.780703961129902,-0.0763619999999996
base_sf_qty_scale,max,21,1.300758287704113,-0.07636200000000004
base_sf_qty_scale,max,22,-30.94781533959029,-0.0763619999999996
base_sf_qty_scale,max,23,-27.650089505708817,-0.0763619999999996
base_sf_qty_scale,max,24,-26.095074735458752,-0.0763619999999996
base_sf_qty_scale,max,25,-25.392078926051468,-0.0763619999999996
base_sf_qty_scale,max,26,3.6161354285528233,-0.07636200000000004
base_sf_qty_scale,max,27,-34.52204442708963,-0.07636200000000315
base_sf_qty_scale,max,28,-30.12874932126144,-0.0763619999999996
base_sf_qty_scale,max,29,-27.867840415157684,-0.0763619999999996
base_sf_qty_scale,max,30,-26.639253807314496,-0.0763619999999996
base_sf_qty_scale,max,31,7.574014267880194,-0.07636200000000049
base_sf_qty_scale,max,32,-35.61003938070348,-0.07636200000000315
base_sf_qty_scale,max,33,-30.48896174414123,-0.0763619999999996
base_sf_qty_scale,max,34,-27.63481558768392,-0.0763619999999996
base_sf_qty_scale,max,35,97.49578939957057,-0.07636199999998894
base_sf_qty_scale,max,36,10.136677473222418,-0.0763619999999996
base_sf_qty_scale,max,37,-16.055970620509402,-0.07636200000000137
base_sf_qty_scale,max,38,-16.397548058660245,-0.0763619999999996
base_sf_qty_scale,max,39,-16.324592629501137,-0.0763619999999996
base_sf_qty_scale,max,40,-15.97664374504999,-0.0763619999999996
base_sf_qty_scale,max,41,18.054151182109283,-0.0763619999999996
base_sf_qty_scale,max,42,-25.834984476227632,-0.0763619999999996
base_sf_qty_scale,max,43,-20.005860040759128,-0.0763619999999996
base_sf_qty_scale,max,44,-16.564307174946535,-0.0763619999999996
base_sf_qty_scale,max,45,-14.309061421028233,-0.0763619999999996
base_sf_qty_scale,max,46,23.18278832590705,-0.0763619999999996
base_sf_qty_scale,max,47,-23.156731364327314,-0.07636200000000315
base_sf_qty_scale,max,48,-16.536346184533553,-0.0763619999999996
base_sf_qty_scale,max,49,-12.616082754662996,-0.0763619999999996
base_sf_qty_scale,max,50,-10.056983770478414,-0.07636200000000137
base_sf_qty_scale,max,total,-877.8071559806905,-3.818100000000072
proj_lit_qty_scale,min,1,-224.31119852295905,0.006311083154201924
proj_lit_qty_scale,min,2,19.124731718067324,0.0971867354332332
proj_lit_qty_scale,min,3,-32.803174745278405,0.055795576517738255
proj_lit_qty_scale,min,4,-25.228919465536396,0.0336111565176509
proj_lit_qty_scale,min,5,-21.512447062057618,0.021488429535146736
proj_lit_qty_scale,min,6,-2.958439932817891,-0.08836666605446775
proj_lit_qty_scale,min,7,-13.463337718398137,0.045717905071253284
proj_lit_qty_scale,min,8,-23.703021374046738,0.027101599379253827
proj_lit_qty_scale,min,9,-17.87686774524193,0.01704691996856411
proj_lit_qty_scale,min,10,-7.377593161949045,0.011340583399579884
proj_lit_qty_scale,min,11,-0.8712613895653258,-0.09511390776629014
proj_lit_qty_scale,min,12,-23.559001378780522,0.04079268321781271
proj_lit_qty_scale,min,13,-22.044580154856302,0.023174617772536266
proj_lit_qty_scale,min,14,-21.548920889285945,0.013688415445770374
proj_lit_qty_scale,min,15,1.7833481588512665,0.008325779134930933
proj_lit_qty_scale,min,16,-0.4899780947310135,-0.09790335415744567
proj_lit_qty_scale,min,17,-24.948005052587146,0.03816553088461205
proj_lit_qty_scale,min,18,-23.358629576549102,0.020675397622085256
proj_lit_qty_scale,min,19,-22.78638037990994,0.011297700953146972
proj_lit_qty_scale,min,20,-22.698310022684428,0.0060319384454743386
proj_lit_qty_scale,min,21,1.2770124354798251,-0.10010785222428797
proj_lit_qty_scale,min,22,-30.835408319106463,0.03604502048382585
proj_lit_qty_scale,min,23,-27.55509280391892,0.018634701789896013
proj_lit_qty_scale,min,24,-26.009379425320944,0.009333310137808581
proj_lit_qty_scale,min,25,-25.31157618630348,0.004140739747988675
proj_lit_qty_scale,min,26,3.5905687062538,-0.10192872229902328
proj_lit_qty_scale,min,27,-34.41139063426339,0.034291792826238066
proj_lit_qty_scale,min,28,-30.03544075310035,0.0169465681610923
proj_lit_qty_scale,min,29,-27.783770580057038,0.007707835100646321
proj_lit_qty_scale,min,30,-26.560316220279745,0.002575587034751692
proj_lit_qty_scale,min,31,7.546940472188849,-0.10343579569134498
proj_lit_qty_scale,min,32,-35.50083673980277,0.032840640900708706
proj_lit_qty_scale,min,33,-30.397050482912,0.015549261229228506
proj_lit_qty_scale,min,34,-27.552091212698645,0.00636237498527592
proj_lit_qty_scale,min,35,97.5734314478209,0.0012800482503365629
proj_lit_qty_scale,min,36,10.108356208624192,-0.10468326459822563
proj_lit_qty_scale,min,37,-15.947969135127824,0.031639485381576904
proj_lit_qty_scale,min,38,-16.306793436715274,0.01439262194497104
proj_lit_qty_scale,min,39,-16.242981945988102,0.0052486835130345355
proj_lit_qty_scale,min,40,-15.900074077899735,0.0002076671502564409
proj_lit_qty_scale,min,41,18.02479732844633,-0.10571585366295366
proj_lit_qty_scale,min,42,-25.72797729303998,0.030645183187651526
proj_lit_qty_scale,min,43,-19.91606277689536,0.013435263863769364
proj_lit_qty_scale,min,44,-16.48361835843068,0.004326816515856535
proj_lit_qty_scale,min,45,-14.2333794049146,-0.0006799838863678076
proj_lit_qty_scale,min,46,23.15257975420915,-0.10657057169790107
proj_lit_qty_scale,min,47,-23.05054718662524,0.029822177702069297
proj_lit_qty_scale,min,48,-16.447341389749788,0.01264279478376551
proj_lit_qty_scale,min,49,-12.536157006180547,0.003563748482449114
proj_lit_qty_scale,min,50,-9.982036512314696,-0.0014147418362835396
proj_lit_qty_scale,min,total,-874.085592318939,-0.09653633824859753
proj_lit_qty_scale,max,1,-224.32382068926975,-0.006311083156504083
proj_lit_qty_scale,max,2,18.93035823660764,-0.09718674602645194
proj_lit_qty_scale,max,3,-32.914765897493794,-0.055795575697651145
proj_lit_qty_scale,max,4,-25.29614177412197,-0.0336111520679232
proj_lit_qty_scale,max,5,-21.555424039412433,-0.02148854781966847
proj_lit_qty_scale,max,6,-2.781706564678141,0.08836670208528252
proj_lit_qty_scale,max,7,-13.554773485750363,-0.04571786228097352
proj_lit_qty_scale,max,8,-23.75722455104835,-0.027101577622357098
proj_lit_qty_scale,max,9,-17.91096157402843,-0.017046908817935247
proj_lit_qty_scale,max,10,-7.400274322928983,-0.011340577580357447
proj_lit_qty_scale,max,11,-0.6810335711001434,0.0951139106988923
proj_lit_qty_scale,max,12,-23.640586743707406,-0.04079268170907113
proj_lit_qty_scale,max,13,-22.090929389612853,-0.023174616984015017
proj_lit_qty_scale,max,14,-21.576297719899525,-0.013688415167809609
proj_lit_qty_scale,max,15,1.766696600873905,-0.008325778842430687
proj_lit_qty_scale,max,16,-0.29417138628582906,0.09790335428773878
proj_lit_qty_scale,max,17,-25.024336114294886,-0.03816553082312879
proj_lit_qty_scale,max,18,-23.399980371769225,-0.020675397598036938
proj_lit_qty_scale,max,19,-22.808975781843568,-0.011297700980481551
proj_lit_qty_scale,max,20,-22.71037389954151,-0.006031938411606319
proj_lit_qty_scale,max,21,1.4772281399472642,0.10010785224315111
proj_lit_qty_scale,max,22,-30.907498360065418,-0.03604502047512881
proj_lit_qty_scale,max,23,-27.592362207496112,-0.018634701787295427
proj_lit_qty_scale,max,24,-26.02804604540284,-0.00933330994408621
proj_lit_qty_scale,max,25,-25.319857665859328,-0.004140739807859006
proj_lit_qty_scale,max,26,3.7944261508013537,0.10192872224853033
proj_lit_qty_scale,max,27,-34.479974219951366,-0.03429179286173678
proj_lit_qty_scale,max,28,-30.069333889440507,-0.01694656817906548
proj_lit_qty_scale,max,29,-27.799186250335136,-0.007707835177452438
proj_lit_qty_scale,max,30,-26.565467394344306,-0.002575587029809867
proj_lit_qty_scale,max,31,7.753812063586231,0.10343579570603723
proj_lit_qty_scale,max,32,-35.56651802158735,-0.032840640883868844
proj_lit_qty_scale,max,33,-30.428149005349983,-0.015549261208754217
proj_lit_qty_scale,max,34,-27.56481596266352,-0.006362374979598684
proj_lit_qty_scale,max,35,97.57087135130126,-0.001280048269293843
proj_lit_qty_scale,max,36,10.317722737835913,0.1046832646134952
proj_lit_qty_scale,max,37,-16.011248094011954,-0.03163947350255292
proj_lit_qty_scale,max,38,-16.335578691999338,-0.014392633339092242
proj_lit_qty_scale,max,39,-16.253479315197485,-0.005248685696347621
proj_lit_qty_scale,max,40,-15.900489411485555,-0.00020766643556413555
proj_lit_qty_scale,max,41,18.23622903616235,0.1057158540530665
proj_lit_qty_scale,max,42,-25.789267659161844,-0.03064518293421159
proj_lit_qty_scale,max,43,-19.9429333044733,-0.013435263714171697
proj_lit_qty_scale,max,44,-16.492271991370373,-0.004326816423837698
proj_lit_qty_scale,max,45,-14.232019437098408,0.0006799839298246013
proj_lit_qty_scale,max,46,23.365720897626353,0.10657057171930262
proj_lit_qty_scale,max,47,-23.11019154202016,-0.029822177692850005
proj_lit_qty_scale,max,48,-16.472626979311425,-0.012642794777871558
proj_lit_qty_scale,max,49,-12.54328450311371,-0.003563748450714499
proj_lit_qty_scale,max,50,-9.979207028646092,0.0014147418323204874
proj_lit_qty_scale,max,total,-873.8925196424304,0.09653633825996621
base_stand_density_scale,min,1,-224.31750960611325,0.0
base_stand_density_scale,min,2,19.02754498263409,0.0
base_stand_density_scale,min,3,-32.85897032179614,0.0
base_stand_density_scale,min,4,-25.262530622054047,0.0
base_stand_density_scale,min,5,-21.533935491592764,0.0
base_stand_density_scale,min,6,-2.8700732667634234,0.0
base_stand_density_scale,min,7,-13.50905562346939,0.0
base_stand_density_scale,min,8,-23.730122973425992,0.0
base_stand_density_scale,min,9,-17.893914665210495,0.0
base_stand_density_scale,min,10,-7.388933745348625,0.0
base_stand_density_scale,min,11,-0.7761474817990357,0.0
base_stand_density_scale,min,12,-23.599794061998335,0.0
base_stand_density_scale,min,13,-22.067754772628838,0.0
base_stand_density_scale,min,14,-21.562609304731716,0.0
base_stand_density_scale,min,15,1.7750223797163356,0.0
base_stand_density_scale,min,16,-0.39207474057356784,0.0
base_stand_density_scale,min,17,-24.986170583471758,0.0
base_stand_density_scale,min,18,-23.379304974171188,0.0
base_stand_density_scale,min,19,-22.797678080863086,0.0
base_stand_density_scale,min,20,-22.704341961129902,0.0
base_stand_density_scale,min,21,1.377120287704113,0.0
base_stand_density_scale,min,22,-30.87145333959029,0.0
base_stand_density_scale,min,23,-27.573727505708817,0.0
base_stand_density_scale,min,24,-26.018712735458752,0.0
base_stand_density_scale,min,25,-25.31571692605147,0.0
base_stand_density_scale,min,26,3.6924974285528234,0.0
base_stand_density_scale,min,27,-34.44568242708963,0.0
base_stand_density_scale,min,28,-30.052387321261442,0.0
base_stand_density_scale,min,29,-27.791478415157684,0.0
base_stand_density_scale,min,30,-26.562891807314497,0.0
base_stand_density_scale,min,31,7.650376267880194,0.0
base_stand_density_scale,min,32,-35.53367738070348,0.0
base_stand_density_scale,min,33,-30.41259974414123,0.0
base_stand_density_scale,min,34,-27.55845358768392,0.0
base_stand_density_scale,min,35,97.57215139957056,0.0
base_stand_density_scale,min,36,10.213039473222418,0.0
base_stand_density_scale,min,37,-15.979608620509401,0.0
base_stand_density_scale,min,38,-16.321186058660246,0.0
base_stand_density_scale,min,39,-16.248230629501137,0.0
base_stand_density_scale,min,40,-15.900281745049991,0.0
base_stand_density_scale,min,41,18.130513182109283,0.0
base_stand_density_scale,min,42,-25.758622476227632,0.0
base_stand_density_scale,min,43,-19.92949804075913,0.0
base_stand_density_scale,min,44,-16.487945174946535,0.0
base_stand_density_scale,min,45,-14.232699421028233,0.0
base_stand_density_scale,min,46,23.25915032590705,0.0
base_stand_density_scale,min,47,-23.08036936432731,0.0
base_stand_density_scale,min,48,-16.459984184533553,0.0
base_stand_density_scale,min,49,-12.539720754662996,0.0
base_stand_density_scale,min,50,-9.980621770478413,0.0
base_stand_density_scale,min,total,-873.9890559806904,0.0
base_stand_density_scale,max,1,-224.31750960611325,0.0
base_stand_density_scale,max,2,19.02754498263409,0.0
base_stand_density_scale,max,3,-32.85897032179614,0.0
base_stand_density_scale,max,4,-25.262530622054047,0.0
base_stand_density_scale,max,5,-21.533935491592764,0.0
base_stand_density_scale,max,6,-2.8700732667634234,0.0
base_stand_density_scale,max,7,-13.50905562346939,0.0
base_stand_density_scale,max,8,-23.730122973425992,0.0
base_stand_density_scale,max,9,-17.893914665210495,0.0
base_stand_density_scale,max,10,-7.388933745348625,0.0
base_stand_density_scale,max,11,-0.7761474817990357,0.0
base_stand_density_scale,max,12,-23.599794061998335,0.0
base_stand_density_scale,max,13,-22.067754772628838,0.0
base_stand_density_scale,max,14,-21.562609304731716,0.0
base_stand_density_scale,max,15,1.7750223797163356,0.0
base_stand_density_scale,max,16,-0.39207474057356784,0.0
base_stand_density_scale,max,17,-24.986170583471758,0.0
base_stand_density_scale,max,18,-23.379304974171188,0.0
base_stand_density_scale,max,19,-22.797678080863086,0.0
base_stand_density_scale,max,20,-22.704341961129902,0.0
base_stand_density_scale,max,21,1.377120287704113,0.0
base_stand_density_scale,max,22,-30.87145333959029,0.0
base_stand_density_scale,max,23,-27.573727505708817,0.0
base_stand_density_scale,max,24,-26.018712735458752,0.0
base_stand_density_scale,max,25,-25.31571692605147,0.0
base_stand_density_scale,max,26,3.6924974285528234,0.0
base_stand_density_scale,max,27,-34.44568242708963,0.0
base_stand_density_scale,max,28,-30.052387321261442,0.0
base_stand_density_scale,max,29,-27.791478415157684,0.0
base_stand_density_scale,max,30,-26.562891807314497,0.0
base_stand_density_scale,max,31,7.650376267880194,0.0
base_stand_density_scale,max,32,-35.53367738070348,0.0
base_stand_density_scale,max,33,-30.41259974414123,0.0
base_stand_density_scale,max,34,-27.55845358768392,0.0
base_stand_density_scale,max,35,97.57215139957056,0.0
base_stand_density_scale,max,36,10.213039473222418,0.0
base_stand_density_scale,max,37,-15.979608620509401,0.0
base_stand_density_scale,max,38,-16.321186058660246,0.0
base_stand_density_scale,max,39,-16.248230629501137,0.0
base_stand_density_scale,max,40,-15.900281745049991,0.0
base_stand_density_scale,max,41,18.130513182109283,0.0
base_stand_density_scale,max,42,-25.758622476227632,0.0
base_stand_density_scale,max,43,-19.92949804075913,0.0
base_stand_density_scale,max,44,-16.487945174946535,0.0
base_stand_density_scale,max,45,-14.232699421028233,0.0
base_stand_density_scale,max,46,23.25915032590705,0.0
base_stand_density_scale,max,47,-23.08036936432731,0.0
base_stand_density_scale,max,48,-16.459984184533553,0.0
base_stand_density_scale,max,49,-12.539720754662996,0.0
base_stand_density_scale,max,50,-9.980621770478413,0.0
base_stand_density_scale,max,total,-873.9890559806904,0.0
proj_stand_density_scale,min,1,-201.80535316441964,22.512156441693605
proj_stand_density_scale,min,2,16.927562424522833,-2.0999825581112574
proj_stand_density_scale,min,3,-29.708805887531394,3.150164434264749
proj_stand_density_scale,min,4,-22.842750220972103,2.419780401081944
proj_stand_density_scale,min,5,-19.471428519285244,2.0625069723075207
proj_stand_density_scale,min,6,-2.391466943339703,0.47860632342372034
proj_stand_density_scale,min,7,-12.221823462045752,1.2872321614236384
proj_stand_density_scale,min,8,-21.41135208377665,2.3187708896493433
proj_stand_density_scale,min,9,-16.15546776599107,1.7384468992194257
proj_stand_density_scale,min,10,-6.699434776278849,0.6894989690697759
proj_stand_density_scale,min,11,-0.5881799939695043,0.18796748782953143
proj_stand_density_scale,min,12,-21.319112399281156,2.2806816627171784
proj_stand_density_scale,min,13,-19.923759950357454,2.1439948222713845
proj_stand_density_scale,min,14,-19.46157984196319,2.101029462768526
proj_stand_density_scale,min,15,1.545970710183198,-0.2290516695331375
proj_stand_density_scale,min,16,-0.24966045799982606,0.14241428257374178
proj_stand_density_scale,min,17,-22.59033189241121,2.395838691060547
proj_stand_density_scale,min,18,-21.117973713620888,2.2613312605502998
proj_stand_density_scale,min,19,-20.58249628055303,2.215181800310056
proj_stand_density_scale,min,20,-20.492445600707686,2.211896360422216
proj_stand_density_scale,min,21,1.3369266919889937,-0.04019359571511938
proj_stand_density_scale,min,22,-27.866961985454946,3.004491354135343
proj_stand_density_scale,min,23,-24.88304994186196,2.690677563846858
proj_stand_density_scale,min,24,-23.47610643931687,2.5426062961418836
proj_stand_density_scale,min,25,-22.839773693588324,2.4759432324631447
proj_stand_density_scale,min,26,3.416337510962584,-0.27615991759023917
proj_stand_density_scale,min,27,-31.105748380620955,3.3399340464686738
proj_stand_density_scale,min,28,-27.126794716784175,2.9255926044772664
proj_stand_density_scale,min,29,-25.08041441135823,2.7110640037994536
proj_stand_density_scale,min,30,-23.968856737659614,2.5940350696548826
proj_stand_density_scale,min,31,6.973008072019724,-0.6773681958604705
proj_stand_density_scale,min,32,-32.001484252939456,3.5321931277640246
proj_stand_density_scale,min,33,-27.406218118579716,3.006381625561513
proj_stand_density_scale,min,34,-24.84355099533738,2.71490259234654
proj_stand_density_scale,min,35,87.77036452125513,-9.801786878315426
proj_stand_density_scale,min,36,9.24777904343496,-0.9652604297874579
proj_stand_density_scale,min,37,-14.465517471341931,1.51409114916747
proj_stand_density_scale,min,38,-14.758344541284618,1.5628415173756274
proj_stand_density_scale,min,39,-14.685680841309026,1.5625497881921113
proj_stand_density_scale,min,40,-14.36933247674217,1.5309492683078219
proj_stand_density_scale,min,41,16.362639525508126,-1.7678736566011573
proj_stand_density_scale,min,42,-23.275491034950335,2.4831314412772976
proj_stand_density_scale,min,43,-18.013529381420863,1.9159686593382652
proj_stand_density_scale,min,44,-14.908413870297977,1.5795313046485582
proj_stand_density_scale,min,45,-12.875016936078161,1.3576824849500717
proj_stand_density_scale,min,46,20.972260693973162,-2.2868896319338887
proj_stand_density_scale,min,47,-20.87092772926585,2.2094416350614594
proj_stand_density_scale,min,48,-14.896583017543248,1.563401166990305
proj_stand_density_scale,min,49,-11.360402311056063,1.1793184436069328
proj_stand_density_scale,min,50,-9.053330228717066,0.9272915417613472
proj_stand_density_scale,min,total,-788.6121032741645,85.37695270652591
proj_stand_density_scale,max,1,-246.8296660478069,-22.512156441693662
proj_stand_density_scale,max,2,21.12752754074543,2.099982558111339
proj_stand_density_scale,max,3,-36.009134667036534,-3.150164345240391
proj_stand_density_scale,max,4,-27.682310863257957,-2.4197802412039096
proj_stand_density_scale,max,5,-23.596442939411236,-2.062507447818472
proj_stand_density_scale,max,6,-3.3486794404427687,-0.4786061736793452
proj_stand_density_scale,max,7,-14.796287743065676,-1.2872321195962861
proj_stand_density_scale,max,8,-26.04889401713423,-2.3187710437082387
proj_stand_density_scale,max,9,-19.632361388424226,-1.7384467232137304
proj_stand_density_scale,max,10,-8.078432177399616,-0.6894984320509909
proj_stand_density_scale,max,11,-0.9641152190296625,-0.18796773723062676
proj_stand_density_scale,max,12,-25.880475852477023,-2.2806817904786882
proj_stand_density_scale,max,13,-24.211749558430082,-2.143994785801244
proj_stand_density_scale,max,14,-23.6636393052944,-2.101030000562684
proj_stand_density_scale,max,15,2.004074670899821,0.22905229118348558
proj_stand_density_scale,max,16,-0.534489151893407,-0.14241441131983912
proj_stand_density_scale,max,17,-27.38200933626862,-2.3958387527968625
proj_stand_density_scale,max,18,-25.640636345215203,-2.2613313710440153
proj_stand_density_scale,max,19,-25.01285903502476,-2.2151809541616743
proj_stand_density_scale,max,20,-24.916238553385803,-2.2118965922559006
proj_stand_density_scale,max,21,1.4173136135283158,0.04019332582420265
proj_stand_density_scale,max,22,-33.875944839931584,-3.0044915003412953
proj_stand_density_scale,max,23,-30.26440509792452,-2.690677592215703
proj_stand_density_scale,max,24,-28.561319522731083,-2.54260678727233
proj_stand_density_scale,max,25,-27.79166003908987,-2.475943113038401
proj_stand_density_scale,max,26,3.968657436509457,0.27616000795663354
proj_stand_density_scale,max,27,-37.78561640665677,-3.3399339795671423
proj_stand_density_scale,max,28,-32.97797983816962,-2.925592516908175
proj_stand_density_scale,max,29,-30.502542780463315,-2.7110643653056314
proj_stand_density_scale,max,30,-29.156926720232402,-2.5940349129179054
proj_stand_density_scale,max,31,8.32774445791964,0.677368190039445
proj_stand_density_scale,max,32,-39.06587043162422,-3.532193050920739
proj_stand_density_scale,max,33,-33.41898125644579,-3.0063815123045607
proj_stand_density_scale,max,34,-30.273355754294517,-2.714902166610596
proj_stand_density_scale,max,35,107.37393806214592,9.801786662575367
proj_stand_density_scale,max,36,11.17829984467335,0.9652603714509329
proj_stand_density_scale,max,37,-17.49369973630435,-1.5140911157949493
proj_stand_density_scale,max,38,-17.88402778500308,-1.5628417263428354
proj_stand_density_scale,max,39,-17.810779275192157,-1.5625486456910203
proj_stand_density_scale,max,40,-17.43123038746879,-1.5309486424187995
proj_stand_density_scale,max,41,19.898385990978333,1.7678728088690505
proj_stand_density_scale,max,42,-28.241754302481635,-2.4831318262540023
proj_stand_density_scale,max,43,-21.84546692855678,-1.9159688877976535
proj_stand_density_scale,max,44,-18.067476558631327,-1.5795313836847917
proj_stand_density_scale,max,45,-15.590381902524584,-1.3576824814963508
proj_stand_density_scale,max,46,25.546039732235926,2.286889406328875
proj_stand_density_scale,max,47,-25.289810947934,-2.20944158360669
proj_stand_density_scale,max,48,-18.023385332631353,-1.5634011480977996
proj_stand_density_scale,max,49,-13.719037908658883,-1.1793171539958873
proj_stand_density_scale,max,50,-10.907913780840936,-0.9272920103625228
proj_stand_density_scale,max,total,-959.3660078251535,-85.37695184446306
tree_wood_dens_sp1,min,1,-201.80081726908907,22.516692337024182
tree_wood_dens_sp1,min,2,16.926981343306924,-2.1005636393271665
tree_wood_dens_sp1,min,3,-29.70836051738598,3.1506098044101627
tree_wood_dens_sp1,min,4,-22.84247903402581,2.4200515880282367
tree_wood_dens_sp1,min,5,-19.471254622910344,2.0626808686824205
tree_wood_dens_sp1,min,6,-2.391593101538839,0.4784801652245845
tree_wood_dens_sp1,min,7,-12.221823377815731,1.2872322456536587
tree_wood_dens_sp1,min,8,-21.41121314149438,2.318909831931613
tree_wood_dens_sp1,min,9,-16.155444886567835,1.73846977864266
tree_wood_dens_sp1,min,10,-6.699575112714532,0.689358632634093
tree_wood_dens_sp1,min,11,-0.5884017700276329,0.18774571177140276
tree_wood_dens_sp1,min,12,-21.319081169925937,2.2807128920723976
tree_wood_dens_sp1,min,13,-19.923771250879557,2.1439835217492806
tree_wood_dens_sp1,min,14,-19.461622159093377,2.1009871456383387
tree_wood_dens_sp1,min,15,1.5456787986583933,-0.22934358105794228
tree_wood_dens_sp1,min,16,-0.2499231549635934,0.14215158560997443
tree_wood_dens_sp1,min,17,-22.5904031387956,2.3957674446761565
tree_wood_dens_sp1,min,18,-21.118080823942382,2.2612241502288057
tree_wood_dens_sp1,min,19,-20.58263121758959,2.2150468632734963
tree_wood_dens_sp1,min,20,-20.492604375047765,2.211737586082137
tree_wood_dens_sp1,min,21,1.3366096978997644,-0.04051058980434874
tree_wood_dens_sp1,min,22,-27.867117688520974,3.004335651069315
tree_wood_dens_sp1,min,23,-24.883245695416853,2.6904818102919634
tree_wood_dens_sp1,min,24,-23.476331365836856,2.5423813696218964
tree_wood_dens_sp1,min,25,-22.840021805983532,2.475695120067936
tree_wood_dens_sp1,min,26,3.4159918495682073,-0.27650557898461603
tree_wood_dens_sp1,min,27,-31.106006820347815,3.339675606741814
tree_wood_dens_sp1,min,28,-27.127079493325386,2.925307827936056
tree_wood_dens_sp1,min,29,-25.080717721513615,2.710760693644069
tree_wood_dens_sp1,min,30,-23.969173589339142,2.593718217975354
tree_wood_dens_sp1,min,31,6.972675439802021,-0.6777008280781729
tree_wood_dens_sp1,min,32,-32.001815459151885,3.531861921551595
tree_wood_dens_sp1,min,33,-27.406553948488938,3.006045795652291
tree_wood_dens_sp1,min,34,-24.843888199729662,2.7145653879542593
tree_wood_dens_sp1,min,35,87.77024186087938,-9.801909538691177
tree_wood_dens_sp1,min,36,9.247554829936895,-0.9654846432855226
tree_wood_dens_sp1,min,37,-14.46578253783556,1.513826082673841
tree_wood_dens_sp1,min,38,-14.75860095778506,1.5625851008751859
tree_wood_dens_sp1,min,39,-14.685926778542935,1.5623038509582017
tree_wood_dens_sp1,min,40,-14.3695660610149,1.5307156840350906
tree_wood_dens_sp1,min,41,16.362526383091538,-1.767986799017745
tree_wood_dens_sp1,min,42,-23.2757296541283,2.482892822099334
tree_wood_dens_sp1,min,43,-18.013734682449233,1.9157633583098956
tree_wood_dens_sp1,min,44,-14.908592439412468,1.5793527355340675
tree_wood_dens_sp1,min,45,-12.875171761093192,1.357527659935041
tree_wood_dens_sp1,min,46,20.972265808030386,-2.286884517876665
tree_wood_dens_sp1,min,47,-20.871083820553793,2.209285543773518
tree_wood_dens_sp1,min,48,-14.896696993657445,1.5632871908761086
tree_wood_dens_sp1,min,49,-11.360484644200408,1.179236110462588
tree_wood_dens_sp1,min,50,-9.053386508917118,0.9272352615612949
tree_wood_dens_sp1,min,total,-788.6152627398794,85.37379324081098
tree_wood_dens_sp1,max,1,-246.8291036773324,-22.51159407121915
tree_wood_dens_sp1,max,2,21.127455711052125,2.0999107284180347
tree_wood_dens_sp1,max,3,-36.00907919497663,-3.1501088731804856
tree_wood_dens_sp1,max,4,-27.682276953511018,-2.4197463314569703
tree_wood_dens_sp1,max,5,-23.596421061788895,-2.062485570196131
tree_wood_dens_sp1,max,6,-3.3486947940290546,-0.4786215272656311
tree_wood_dens_sp1,max,7,-14.796287400469545,-1.2872317770001551
tree_wood_dens_sp1,max,8,-26.048876373449623,-2.318753400023631
tree_wood_dens_sp1,max,9,-19.632358142379353,-1.7384434771688575
tree_wood_dens_sp1,max,10,-8.078449236081799,-0.6895154907331733
tree_wood_dens_sp1,max,11,-0.9641424073368356,-0.18799492553779995
tree_wood_dens_sp1,max,12,-25.88047146552395,-2.2806774035256154
tree_wood_dens_sp1,max,13,-24.211750436092135,-2.143995663463297
tree_wood_dens_sp1,max,14,-23.663644012344175,-2.1010347076124596
tree_wood_dens_sp1,max,15,2.004038736456538,0.22901635674020238
tree_wood_dens_sp1,max,16,-0.5345214192012162,-0.14244667862764837
tree_wood_dens_sp1,max,17,-27.38201756088227,-2.395846977410514
tree_wood_dens_sp1,max,18,-25.64064902295056,-2.261344048779371
tree_wood_dens_sp1,max,19,-25.01287515970823,-2.2151970788451436
tree_wood_dens_sp1,max,20,-24.9162576269319,-2.211915665801996
tree_wood_dens_sp1,max,21,1.4172745607441688,0.0401542730400557
tree_wood_dens_sp1,max,22,-33.87596339977086,-3.0045100601805714
tree_wood_dens_sp1,max,23,-30.26442867749407,-2.6907011717852534
tree_wood_dens_sp1,max,24,-28.561346750142757,-2.5426340146840047
tree_wood_dens_sp1,max,25,-27.791690162745933,-2.4759732366944647
tree_wood_dens_sp1,max,26,3.9686146988711744,0.276117270318351
tree_wood_dens_sp1,max,27,-37.78564768576693,-3.339965258677303
tree_wood_dens_sp1,max,28,-32.97801448258666,-2.9256271613252167
tree_wood_dens_sp1,max,29,-30.50257979068696,-2.7111013755292745
tree_wood_dens_sp1,max,30,-29.156965464206483,-2.594073656891986
tree_wood_dens_sp1,max,31,8.3277030965043,0.6773268286241052
tree_wood_dens_sp1,max,32,-39.06591085603126,-3.5322334753277786
tree_wood_dens_sp1,max,33,-33.419022400664424,-3.0064226565231955
tree_wood_dens_sp1,max,34,-30.27339717471846,-2.71494358703454
tree_wood_dens_sp1,max,35,107.3739209089947,9.801769509424147
tree_wood_dens_sp1,max,36,11.178271691077773,0.9652322178553554
tree_wood_dens_sp1,max,37,-17.49373254823506,-1.5141239277256577
tree_wood_dens_sp1,max,38,-17.88405956403041,-1.5628735053701632
tree_wood_dens_sp1,max,39,-17.81080980469795,-1.562579175196813
tree_wood_dens_sp1,max,40,-17.431259440813413,-1.530977695763422
tree_wood_dens_sp1,max,41,19.89837129334569,1.7678581112364071
tree_wood_dens_sp1,max,42,-28.241783930391,-2.483161454163369
tree_wood_dens_sp1,max,43,-21.845492564595475,-1.9159945238363463
tree_wood_dens_sp1,max,44,-18.067498980445105,-1.5795538054985698
tree_wood_dens_sp1,max,45,-15.59040145947655,-1.3577020384483163
tree_wood_dens_sp1,max,46,25.546039507792194,2.286889181885144
tree_wood_dens_sp1,max,47,-25.28983064316049,-2.209461278833178
tree_wood_dens_sp1,max,48,-18.023399922221778,-1.5634157376882243
tree_wood_dens_sp1,max,49,-13.71904865351179,-1.1793278988487934
tree_wood_dens_sp1,max,50,-10.907921352580823,-0.9272995821024104
tree_wood_dens_sp1,max,total,-959.3663914491257,-85.37733546843526
base_cover,min,1,-225.5024934223669,-1.1849838162536628
base_cover,min,2,18.36037193483139,-0.6671730478026987
base_cover,min,3,-33.34352835252535,-0.4845580307292039
base_cover,min,4,-25.68328531436229,-0.42075469230824325
base_cover,min,5,-21.92859783646132,-0.3946623448685571
base_cover,min,6,-3.246946055423984,-0.3768727886605605
base_cover,min,7,-13.867430715519426,-0.3583750920500357
base_cover,min,8,-24.067634968695163,-0.3375119952691712
base_cover,min,9,-18.208778145747893,-0.3148634805373973
base_cover,min,10,-7.680338220345577,-0.291404474996952
base_cover,min,11,-1.044094647742305,-0.2679471659432693
base_cover,min,12,-23.844835180104063,-0.24504111810572837
base_cover,min,13,-22.290769523615637,-0.22301475098679902
base_cover,min,14,-21.764651055710083,-0.20204175097836696
base_cover,min,15,1.5928198946513756,-0.18220248506495995
base_cover,min,16,-0.5555754635323602,-0.16350072295879237
base_cover,min,17,-25.132105892099116,-0.14593530862735804
base_cover,min,18,-23.508760631181463,-0.12945565701027562
base_cover,min,19,-22.91170004589777,-0.11402196503468431
base_cover,min,20,-22.803931332892258,-0.09958937176235594
base_cover,min,21,1.2910225326103406,-0.08609775509377249
base_cover,min,22,-30.944958682169325,-0.07350534257903618
base_cover,min,23,-27.63549111018846,-0.06176360447964413
base_cover,min,24,-26.069535534280195,-0.050822798821442916
base_cover,min,25,-25.356354763477476,-0.040637837426007906
base_cover,min,26,3.6613283372841177,-0.031169091268705706
base_cover,min,27,-34.46805742503249,-0.022374997942861796
base_cover,min,28,-30.06660588587886,-0.014218564617419105
base_cover,min,29,-27.79814455237926,-0.006666137221575497
base_cover,min,30,-26.562567046552996,0.0003247607615008974
base_cover,min,31,7.657157002919249,0.00678073503905452
base_cover,min,32,-35.52094499403629,0.012732386667188678
base_cover,min,33,-30.394389671805587,0.018210072335641314
base_cover,min,34,-27.535206361699302,0.023247225984619035
base_cover,min,35,97.60001175547491,0.027860355904351763
base_cover,min,36,10.24511914401823,0.03207967079581131
base_cover,min,37,-15.943680502652015,0.035928117857386255
base_cover,min,38,-16.281754414246606,0.03943164441363933
base_cover,min,39,-16.205624393776375,0.04260623572476163
base_cover,min,40,-15.854807769755869,0.045473975294122226
base_cover,min,41,18.17856859255481,0.04805541044552797
base_cover,min,42,-25.708255434050912,0.05036704217672039
base_cover,min,43,-19.87707238168616,0.05242565907296992
base_cover,min,44,-16.433696950735186,0.05424822421134934
base_cover,min,45,-14.17685016295129,0.05584925807694319
base_cover,min,46,23.316395421537997,0.05724509563094671
base_cover,min,47,-23.021922743024533,0.05844662130277811
base_cover,min,48,-16.400515017639144,0.0594691668944094
base_cover,min,49,-12.479397840774919,0.06032291388807742
base_cover,min,50,-9.919599879255488,0.06102189122292501
base_cover,min,total,-880.1380957063893,-6.149039725698913
base_cover,max,1,-223.01784258210762,1.299667024005629
base_cover,max,2,19.790422195797817,0.7628772131637263
base_cover,max,3,-32.30702852045739,0.5519418013387494
base_cover,max,4,-24.793633348285226,0.46889727376882107
base_cover,max,5,-21.100148458940062,0.43378703265270246
base_cover,max,6,-2.4565079008971082,0.4135653658663152
base_cover,max,7,-13.113192165076756,0.39586345839263437
base_cover,max,8,-23.353209316485817,0.3769136569401752
base_cover,max,9,-17.537700950111155,0.3562137150993401
base_cover,max,10,-7.054641364282228,0.3342923810663976
base_cover,max,11,-0.46430237125557694,0.31184511054345876
base_cover,max,12,-23.310337793923303,0.2894562680750319
base_cover,max,13,-21.80022114919363,0.2675336234352095
base_cover,max,14,-21.316269035829293,0.2463402689024221
base_cover,max,15,2.0010465164945135,0.2260241367781779
base_cover,max,16,-0.1854088960700646,0.20666584450350323
base_cover,max,17,-24.797886993967534,0.18828358950422341
base_cover,max,18,-23.208423437557673,0.17088153661351413
base_cover,max,19,-22.64324185546744,0.15443622539564572
base_cover,max,20,-22.56542762529232,0.13891433583758328
base_cover,max,21,1.5014025323702138,0.12428224466610072
base_cover,max,22,-30.760949775349815,0.11050356424047436
base_cover,max,23,-27.476191620893477,0.09753588481533981
base_cover,max,24,-25.933372992309017,0.08533974314973491
base_cover,max,25,-25.2418330648034,0.073883861248067
base_cover,max,26,3.7556223004849567,0.06312487193213334
base_cover,max,27,-34.39264803179044,0.05303439529918563
base_cover,max,28,-30.008812997816953,0.04357432344448853
base_cover,max,29,-27.756766311344087,0.034712103813596684
base_cover,max,30,-26.536468112348526,0.026423694965970412
base_cover,max,31,7.669051547142684,0.018675279262489575
base_cover,max,32,-35.522239760975474,0.01143761972800661
base_cover,max,33,-30.407911453767333,0.0046882903738953985
base_cover,max,34,-27.560055277526565,-0.001601689842644305
base_cover,max,35,97.56469774755838,-0.007453652012173961
base_cover,max,36,10.200145987071704,-0.012893486150714395
base_cover,max,37,-15.997549025954193,-0.017940405444791807
base_cover,max,38,-16.343801420371623,-0.022615361711377346
base_cover,max,39,-16.27517059005463,-0.02693996055349146
base_cover,max,40,-15.931214316153246,-0.030932571103255313
base_cover,max,41,18.09590375266273,-0.03460942944655443
base_cover,max,42,-25.796612873454947,-0.03799039722731479
base_cover,max,43,-19.97058869585136,-0.04109065509223342
base_cover,max,44,-16.531871836878402,-0.04392666193186656
base_cover,max,45,-14.27921062594465,-0.046511204916416915
base_cover,max,46,23.210290522385975,-0.04885980352107566
base_cover,max,47,-23.131355106223744,-0.05098574189643301
base_cover,max,48,-16.512886342155415,-0.05290215762186179
base_cover,max,49,-12.594341032651421,-0.05462027798842506
base_cover,max,50,-10.036773391575828,-0.056151621097415116
base_cover,max,total,-866.2354653194258,7.753590661264639
base_mortality,min,1,-224.31750960611325,0.0
base_mortality,min,2,19.02754498263409,0.0
base_mortality,min,3,-32.85897032179614,0.0
base_mortality,min,4,-25.262530622054047,0.0
base_mortality,min,5,-21.533935491592764,0.0
base_mortality,min,6,-2.8700732667634234,0.0
base_mortality,min,7,-13.50905562346939,0.0
base_mortality,min,8,-23.730122973425992,0.0
base_mortality,min,9,-17.893914665210495,0.0
base_mortality,min,10,-7.388933745348625,0.0
base_mortality,min,11,-0.7761474817990357,0.0
base_mortality,min,12,-23.599794061998335,0.0
base_mortality,min,13,-22.067754772628838,0.0
base_mortality,min,14,-21.562609304731716,0.0
base_mortality,min,15,1.7750223797163356,0.0
base_mortality,min,16,-0.39207474057356784,0.0
base_mortality,min,17,-24.986170583471758,0.0
base_mortality,min,18,-23.379304974171188,0.0
base_mortality,min,19,-22.797678080863086,0.0
base_mortality,min,20,-22.704341961129902,0.0
base_mortality,min,21,1.377120287704113,0.0
base_mortality,min,22,-30.87145333959029,0.0
base_mortality,min,23,-27.573727505708817,0.0
base_mortality,min,24,-26.018712735458752,0.0
base_mortality,min,25,-25.31571692605147,0.0
base_mortality,min,26,3.6924974285528234,0.0
base_mortality,min,27,-34.44568242708963,0.0
base_mortality,min,28,-30.052387321261442,0.0
base_mortality,min,29,-27.791478415157684,0.0
base_mortality,min,30,-26.562891807314497,0.0
base_mortality,min,31,7.650376267880194,0.0
base_mortality,min,32,-35.53367738070348,0.0
base_mortality,min,33,-30.41259974414123,0.0
base_mortality,min,34,-27.55845358768392,0.0
base_mortality,min,35,97.57215139957056,0.0
base_mortality,min,36,10.213039473222418,0.0
base_mortality,min,37,-15.979608620509401,0.0
base_mortality,min,38,-16.321186058660246,0.0
base_mortality,min,39,-16.248230629501137,0.0
base_mortality,min,40,-15.900281745049991,0.0
base_mortality,min,41,18.130513182109283,0.0
base_mortality,min,42,-25.758622476227632,0.0
base_mortality,min,43,-19.92949804075913,0.0
base_mortality,min,44,-16.487945174946535,0.0
base_mortality,min,45,-14.232699421028233,0.0
base_mortality,min,46,23.25915032590705,0.0
base_mortality,min,47,-23.08036936432731,0.0
base_mortality,min,48,-16.459984184533553,0.0
base_mortality,min,49,-12.539720754662996,0.0
base_mortality,min,50,-9.980621770478413,0.0
base_mortality,min,total,-873.9890559806904,0.0
base_mortality,max,1,-224.31750960611325,0.0
base_mortality,max,2,19.02754498263409,0.0
base_mortality,max,3,-32.85897032179614,0.0
base_mortality,max,4,-25.262530622054047,0.0
base_mortality,max,5,-21.533935491592764,0.0
base_mortality,max,6,-2.8700732667634234,0.0
base_mortality,max,7,-13.50905562346939,0.0
base_mortality,max,8,-23.730122973425992,0.0
base_mortality,max,9,-17.893914665210495,0.0
base_mortality,max,10,-7.388933745348625,0.0
base_mortality,max,11,-0.7761474817990357,0.0
base_mortality,max,12,-23.599794061998335,0.0
base_mortality,max,13,-22.067754772628838,0.0
base_mortality,max,14,-21.562609304731716,0.0
base_mortality,max,15,1.7750223797163356,0.0
base_mortality,max,16,-0.39207474057356784,0.0
base_mortality,max,17,-24.986170583471758,0.0
base_mortality,max,18,-23.379304974171188,0.0
base_mortality,max,19,-22.797678080863086,0.0
base_mortality,max,20,-22.704341961129902,0.0
base_mortality,max,21,1.377120287704113,0.0
base_mortality,max,22,-30.87145333959029,0.0
base_mortality,max,23,-27.573727505708817,0.0
base_mortality,max,24,-26.018712735458752,0.0
base_mortality,max,25,-25.31571692605147,0.0
base_mortality,max,26,3.6924974285528234,0.0
base_mortality,max,27,-34.44568242708963,0.0
base_mortality,max,28,-30.052387321261442,0.0
base_mortality,max,29,-27.791478415157684,0.0
base_mortality,max,30,-26.562891807314497,0.0
base_mortality,max,31,7.650376267880194,0.0
base_mortality,max,32,-35.53367738070348,0.0
base_mortality,max,33,-30.41259974414123,0.0
base_mortality,max,34,-27.55845358768392,0.0
base_mortality,max,35,97.57215139957056,0.0
base_mortality,max,36,10.213039473222418,0.0
base_mortality,max,37,-15.979608620509401,0.0
base_mortality,max,38,-16.321186058660246,0.0
base_mortality,max,39,-16.248230629501137,0.0
base_mortality,max,40,-15.900281745049991,0.0
base_mortality,max,41,18.130513182109283,0.0
base_mortality,max,42,-25.758622476227632,0.0
base_mortality,max,43,-19.92949804075913,0.0
base_mortality,max,44,-16.487945174946535,0.0
base_mortality,max,45,-14.232699421028233,0.0
base_mortality,max,46,23.25915032590705,0.0
base_mortality,max,47,-23.08036936432731,0.0
base_mortality,max,48,-16.459984184533553,0.0
base_mortality,max,49,-12.539720754662996,0.0
base_mortality,max,50,-9.980621770478413,0.0
base_mortality,max,total,-873.9890559806904,0.0
base_sf_n_delta,min,1,-224.24114760611326,0.07636199999998894
base_sf_n_delta,min,2,19.10390698263409,0.0763619999999996
base_sf_n_delta,min,3,-32.78260832179615,0.07636199999999604
base_sf_n_delta,min,4,-25.186168622054048,0.0763619999999996
base_sf_n_delta,min,5,-21.45757349159276,0.07636200000000315
base_sf_n_delta,min,6,-2.793711266763423,0.07636200000000049
base_sf_n_delta,min,7,-13.432693623469389,0.07636200000000137
base_sf_n_delta,min,8,-23.653760973425992,0.0763619999999996
base_sf_n_delta,min,9,-17.817552665210496,0.0763619999999996
base_sf_n_delta,min,10,-7.312571745348626,0.0763619999999996
base_sf_n_delta,min,11,-0.6997854817990352,0.07636200000000049
base_sf_n_delta,min,12,-23.523432061998335,0.0763619999999996
base_sf_n_delta,min,13,-21.99139277262884,0.0763619999999996
base_sf_n_delta,min,14,-21.486247304731716,0.0763619999999996
base_sf_n_delta,min,15,1.851384379716336,0.07636200000000049
base_sf_n_delta,min,16,-0.3157127405735678,0.07636200000000004
base_sf_n_delta,min,17,-24.909808583471758,0.0763619999999996
base_sf_n_delta,min,18,-23.302942974171188,0.0763619999999996
base_sf_n_delta,min,19,-22.721316080863087,0.0763619999999996
base_sf_n_delta,min,20,-22.627979961129903,0.0763619999999996
base_sf_n_delta,min,21,1.4534822877041131,0.07636200000000004
base_sf_n_delta,min,22,-30.79509133959029,0.0763619999999996
base_sf_n_delta,min,23,-27.497365505708817,0.0763619999999996
base_sf_n_delta,min,24,-25.942350735458753,0.0763619999999996
base_sf_n_delta,min,25,-25.23935492605147,0.0763619999999996
base_sf_n_delta,min,26,3.7688594285528234,0.07636200000000004
base_sf_n_delta,min,27,-34.36932042708963,0.07636199999999604
base_sf_n_delta,min,28,-29.976025321261442,0.0763619999999996
base_sf_n_delta,min,29,-27.715116415157684,0.0763619999999996
base_sf_n_delta,min,30,-26.486529807314497,0.0763619999999996
base_sf_n_delta,min,31,7.726738267880194,0.0763619999999996
base_sf_n_delta,min,32,-35.457315380703484,0.07636199999999604
base_sf_n_delta,min,33,-30.33623774414123,0.0763619999999996
base_sf_n_delta,min,34,-27.48209158768392,0.0763619999999996
base_sf_n_delta,min,35,97.64851339957056,0.07636200000000315
base_sf_n_delta,min,36,10.289401473222417,0.0763619999999996
base_sf_n_delta,min,37,-15.903246620509401,0.0763619999999996
base_sf_n_delta,min,38,-16.244824058660246,0.0763619999999996
base_sf_n_delta,min,39,-16.171868629501137,0.0763619999999996
base_sf_n_delta,min,40,-15.82391974504999,0.07636200000000137
base_sf_n_delta,min,41,18.206875182109286,0.07636200000000315
base_sf_n_delta,min,42,-25.682260476227633,0.0763619999999996
base_sf_n_delta,min,43,-19.853136040759125,0.07636200000000315
base_sf_n_delta,min,44,-16.411583174946536,0.0763619999999996
base_sf_n_delta,min,45,-14.156337421028232,0.07636200000000137
base_sf_n_delta,min,46,23.33551232590705,0.0763619999999996
base_sf_n_delta,min,47,-23.00400736432731,0.0763619999999996
base_sf_n_delta,min,48,-16.383622184533554,0.0763619999999996
base_sf_n_delta,min,49,-12.463358754662995,0.07636200000000137
base_sf_n_delta,min,50,-9.904259770478413,0.0763619999999996
base_sf_n_delta,min,total,-870.1709559806906,3.818099999999845
base_sf_n_delta,max,1,-224.39387160611327,-0.07636200000001736
base_sf_n_delta,max,2,18.95118298263409,-0.0763619999999996
base_sf_n_delta,max,3,-32.935332321796146,-0.07636200000000315
base_sf_n_delta,max,4,-25.338892622054047,-0.0763619999999996
base_sf_n_delta,max,5,-21.610297491592764,-0.0763619999999996
base_sf_n_delta,max,6,-2.946435266763423,-0.0763619999999996
base_sf_n_delta,max,7,-13.58541762346939,-0.0763619999999996
base_sf_n_delta,max,8,-23.80648497342599,-0.0763619999999996
base_sf_n_delta,max,9,-17.970276665210495,-0.0763619999999996
base_sf_n_delta,max,10,-7.465295745348625,-0.0763619999999996
base_sf_n_delta,max,11,-0.8525094817990353,-0.0763619999999996
base_sf_n_delta,max,12,-23.676156061998334,-0.0763619999999996
base_sf_n_delta,max,13,-22.14411677262884,-0.07636200000000315
base_sf_n_delta,max,14,-21.63897130473172,-0.07636200000000315
base_sf_n_delta,max,15,1.698660379716336,-0.0763619999999996
base_sf_n_delta,max,16,-0.4684367405735683,-0.07636200000000049
base_sf_n_delta,max,17,-25.062532583471757,-0.0763619999999996
base_sf_n_delta,max,18,-23.455666974171187,-0.0763619999999996
base_sf_n_delta,max,19,-22.874040080863086,-0.0763619999999996
base_sf_n_delta,max,20,-22.780703961129902,-0.0763619999999996
base_sf_n_delta,max,21,1.300758287704113,-0.07636200000000004
base_sf_n_delta,max,22,-30.94781533959029,-0.0763619999999996
base_sf_n_delta,max,23,-27.650089505708817,-0.0763619999999996
base_sf_n_delta,max,24,-26.095074735458752,-0.0763619999999996
base_sf_n_delta,max,25,-25.392078926051468,-0.0763619999999996
base_sf_n_delta,max,26,3.6161354285528233,-0.07636200000000004
base_sf_n_delta,max,27,-34.52204442708963,-0.07636200000000315
base_sf_n_delta,max,28,-30.12874932126144,-0.0763619999999996
base_sf_n_delta,max,29,-27.867840415157684,-0.0763619999999996
base_sf_n_delta,max,30,-26.639253807314496,-0.0763619999999996
base_sf_n_delta,max,31,7.574014267880194,-0.07636200000000049
base_sf_n_delta,max,32,-35.61003938070348,-0.07636200000000315
base_sf_n_delta,max,33,-30.48896174414123,-0.0763619999999996
base_sf_n_delta,max,34,-27.63481558768392,-0.0763619999999996
base_sf_n_delta,max,35,97.49578939957057,-0.07636199999998894
base_sf_n_delta,max,36,10.136677473222418,-0.0763619999999996
base_sf_n_delta,max,37,-16.0559706205094,-0.07636199999999782
base_sf_n_delta,max,38,-16.397548058660245,-0.0763619999999996
base_sf_n_delta,max,39,-16.324592629501137,-0.0763619999999996
base_sf_n_delta,max,40,-15.97664374504999,-0.0763619999999996
base_sf_n_delta,max,41,18.054151182109283,-0.0763619999999996
base_sf_n_delta,max,42,-25.834984476227632,-0.0763619999999996
base_sf_n_delta,max,43,-20.005860040759124,-0.07636199999999604
base_sf_n_delta,max,44,-16.564307174946535,-0.0763619999999996
base_sf_n_delta,max,45,-14.309061421028233,-0.0763619999999996
base_sf_n_delta,max,46,23.18278832590705,-0.0763619999999996
base_sf_n_delta,max,47,-23.156731364327314,-0.07636200000000315
base_sf_n_delta,max,48,-16.536346184533553,-0.0763619999999996
base_sf_n_delta,max,49,-12.616082754662996,-0.0763619999999996
base_sf_n_delta,max,50,-10.056983770478414,-0.07636200000000137
base_sf_n_delta,max,total,-877.8071559806905,-3.818100000000072
base_thinning_delta,min,1,-224.31750960611325,0.0
base_thinning_delta,min,2,19.02754498263409,0.0
base_thinning_delta,min,3,-32.85897032179614,0.0
base_thinning_delta,min,4,-25.262530622054047,0.0
base_thinning_delta,min,5,-21.533935491592764,0.0
base_thinning_delta,min,6,-2.8700732667634234,0.0
base_thinning_delta,min,7,-13.50905562346939,0.0
base_thinning_delta,min,8,-23.730122973425992,0.0
base_thinning_delta,min,9,-17.893914665210495,0.0
base_thinning_delta,min,10,-7.388933745348625,0.0
base_thinning_delta,min,11,-0.7761474817990357,0.0
base_thinning_delta,min,12,-23.599794061998335,0.0
base_thinning_delta,min,13,-22.067754772628838,0.0
base_thinning_delta,min,14,-21.562609304731716,0.0
base_thinning_delta,min,15,1.7750223797163356,0.0
base_thinning_delta,min,16,-0.39207474057356784,0.0
base_thinning_delta,min,17,-24.986170583471758,0.0
base_thinning_delta,min,18,-23.379304974171188,0.0
base_thinning_delta,min,19,-22.797678080863086,0.0
base_thinning_delta,min,20,-22.704341961129902,0.0
base_thinning_delta,min,21,1.377120287704113,0.0
base_thinning_delta,min,22,-30.87145333959029,0.0
base_thinning_delta,min,23,-27.573727505708817,0.0
base_thinning_delta,min,24,-26.018712735458752,0.0
base_thinning_delta,min,25,-25.31571692605147,0.0
base_thinning_delta,min,26,3.6924974285528234,0.0
base_thinning_delta,min,27,-34.44568242708963,0.0
base_thinning_delta,min,28,-30.052387321261442,0.0
base_thinning_delta,min,29,-27.791478415157684,0.0
base_thinning_delta,min,30,-26.562891807314497,0.0
base_thinning_delta,min,31,7.650376267880194,0.0
base_thinning_delta,min,32,-35.53367738070348,0.0
base_thinning_delta,min,33,-30.41259974414123,0.0
base_thinning_delta,min,34,-27.55845358768392,0.0
base_thinning_delta,min,35,97.57215139957056,0.0
base_thinning_delta,min,36,10.213039473222418,0.0
base_thinning_delta,min,37,-15.979608620509401,0.0
base_thinning_delta,min,38,-16.321186058660246,0.0
base_thinning_delta,min,39,-16.248230629501137,0.0
base_thinning_delta,min,40,-15.900281745049991,0.0
base_thinning_delta,min,41,18.130513182109283,0.0
base_thinning_delta,min,42,-25.758622476227632,0.0
base_thinning_delta,min,43,-19.92949804075913,0.0
base_thinning_delta,min,44,-16.487945174946535,0.0
base_thinning_delta,min,45,-14.232699421028233,0.0
base_thinning_delta,min,46,23.25915032590705,0.0
base_thinning_delta,min,47,-23.08036936432731,0.0
base_thinning_delta,min,48,-16.459984184533553,0.0
base_thinning_delta,min,49,-12.539720754662996,0.0
base_thinning_delta,min,50,-9.980621770478413,0.0
base_thinning_delta,min,total,-873.9890559806904,0.0
base_thinning_delta,max,1,-224.31750960611325,0.0
base_thinning_delta,max,2,19.02754498263409,0.0
base_thinning_delta,max,3,-32.85897032179614,0.0
base_thinning_delta,max,4,-25.262530622054047,0.0
base_thinning_delta,max,5,-21.533935491592764,0.0
base_thinning_delta,max,6,-2.8700732667634234,0.0
base_thinning_delta,max,7,-13.50905562346939,0.0
base_thinning_delta,max,8,-23.730122973425992,0.0
base_thinning_delta,max,9,-17.893914665210495,0.0
base_thinning_delta,max,10,-7.388933745348625,0.0
base_thinning_delta,max,11,-0.7761474817990357,0.0
base_thinning_delta,max,12,-23.599794061998335,0.0
base_thinning_delta,max,13,-22.067754772628838,0.0
base_thinning_delta,max,14,-21.562609304731716,0.0
base_thinning_delta,max,15,1.7750223797163356,0.0
base_thinning_delta,max,16,-0.39207474057356784,0.0
base_thinning_delta,max,17,-24.986170583471758,0.0
base_thinning_delta,max,18,-23.379304974171188,0.0
base_thinning_delta,max,19,-22.797678080863086,0.0
base_thinning_delta,max,20,-22.704341961129902,0.0
base_thinning_delta,max,21,1.377120287704113,0.0
base_thinning_delta,max,22,-30.87145333959029,0.0
base_thinning_delta,max,23,-27.573727505708817,0.0
base_thinning_delta,max,24,-26.018712735458752,0.0
base_thinning_delta,max,25,-25.31571692605147,0.0
base_thinning_delta,max,26,3.6924974285528234,0.0
base_thinning_delta,max,27,-34.44568242708963,0.0
base_thinning_delta,max,28,-30.052387321261442,0.0
base_thinning_delta,max,29,-27.791478415157684,0.0
base_thinning_delta,max,30,-26.562891807314497,0.0
base_thinning_delta,max,31,7.650376267880194,0.0
base_thinning_delta,max,32,-35.53367738070348,0.0
base_thinning_delta,max,33,-30.41259974414123,0.0
base_thinning_delta,max,34,-27.55845358768392,0.0
base_thinning_delta,max,35,97.57215139957056,0.0
base_thinning_delta,max,36,10.213039473222418,0.0
base_thinning_delta,max,37,-15.979608620509401,0.0
base_thinning_delta,max,38,-16.321186058660246,0.0
base_thinning_delta,max,39,-16.248230629501137,0.0
base_thinning_delta,max,40,-15.900281745049991,0.0
base_thinning_delta,max,41,18.130513182109283,0.0
base_thinning_delta,max,42,-25.758622476227632,0.0
base_thinning_delta,max,43,-19.92949804075913,0.0
base_thinning_delta,max,44,-16.487945174946535,0.0
base_thinning_delta,max,45,-14.232699421028233,0.0
base_thinning_delta,max,46,23.25915032590705,0.0
base_thinning_delta,max,47,-23.08036936432731,0.0
base_thinning_delta,max,48,-16.459984184533553,0.0
base_thinning_delta,max,49,-12.539720754662996,0.0
base_thinning_delta,max,50,-9.980621770478413,0.0
base_thinning_delta,max,total,-873.9890559806904,0.0
crop_base_left_delta,min,1,-224.59750053544346,-0.27999092933021075
crop_base_left_delta,min,2,18.861304558605212,-0.16624042402887795
crop_base_left_delta,min,3,-32.97311206303191,-0.1141417412357697
crop_base_left_delta,min,4,-25.34854137634374,-0.08601075428969196
crop_base_left_delta,min,5,-21.60404155912158,-0.07010606752881543
crop_base_left_delta,min,6,-2.9305938195777816,-0.0605205528143582
crop_base_left_delta,min,7,-13.563296669564764,-0.054241046095373946
crop_base_left_delta,min,8,-23.779840884794282,-0.0497179113682904
crop_base_left_delta,min,9,-17.94006487785908,-0.04615021264858399
crop_base_left_delta,min,10,-7.432056100138162,-0.04312235478953674
crop_base_left_delta,min,11,-0.8165659608441938,-0.04041847904515805
crop_base_left_delta,min,12,-23.637717366637915,-0.03792330463958038
crop_base_left_delta,min,13,-22.103332694192975,-0.03557792156413697
crop_base_left_delta,min,14,-21.59595740348132,-0.03334809874960598
crop_base_left_delta,min,15,1.7438041654643612,-0.031218214251974352
crop_base_left_delta,min,16,-0.4212457899940709,-0.02917104942050308
crop_base_left_delta,min,17,-25.013381443061707,-0.02721085958994962
crop_base_left_delta,min,18,-23.404623888238547,-0.02531891406735909
crop_base_left_delta,min,19,-22.821177421312775,-0.023499340449689043
crop_base_left_delta,min,20,-22.726094604284043,-0.021752643154140827
crop_base_left_delta,min,21,1.3570536242188451,-0.020066663485267977
crop_base_left_delta,min,22,-30.889896204419735,-0.018442864829445682
crop_base_left_delta,min,23,-27.590608839156978,-0.01688133344816123
crop_base_left_delta,min,24,-26.03409031301196,-0.015377577553206123
crop_base_left_delta,min,25,-25.329646772685525,-0.013929846634056275
crop_base_left_delta,min,26,3.6799620393514587,-0.012535389201364655
crop_base_left_delta,min,27,-34.45687413747237,-0.011191710382739473
crop_base_left_delta,min,28,-30.062286484994836,-0.009899163733393834
crop_base_left_delta,min,29,-27.800134799663976,-0.008656384506291914
crop_base_left_delta,min,30,-26.57034742171743,-0.007455614402932298
crop_base_left_delta,min,31,7.644074455859695,-0.006301812020499398
crop_base_left_delta,min,32,-35.53886729522257,-0.0051899145190930085
crop_base_left_delta,min,33,-30.416719999570585,-0.004120255429356234
crop_base_left_delta,min,34,-27.56154222782577,-0.0030886401418470655
crop_base_left_delta,min,35,97.57005421217772,-0.0020971873928345985
crop_base_left_delta,min,36,10.211897983018371,-0.0011414902040467467
crop_base_left_delta,min,37,-15.979831533384234,-0.00022291287483255928
crop_base_left_delta,min,38,-16.320521120613705,0.000664938046540442
crop_base_left_delta,min,39,-16.246714044316647,0.001516585184489827
crop_base_left_delta,min,40,-15.897943133593744,0.0023386114562473637
crop_base_left_delta,min,41,18.1336426280788,0.0031294459695168086
crop_base_left_delta,min,42,-25.75473052074422,0.003891955483410925
crop_base_left_delta,min,43,-19.92487390192148,0.0046241388376486725
crop_base_left_delta,min,44,-16.48261487005864,0.00533030488789521
crop_base_left_delta,min,45,-14.226690144166433,0.0060092768617998615
crop_base_left_delta,min,46,23.26581508140945,0.006664755502399089
crop_base_left_delta,min,47,-23.073074693178306,0.007294671149004728
crop_base_left_delta,min,48,-16.45208209510183,0.00790208943172388
crop_base_left_delta,min,49,-12.531235005493786,0.008485749169210521
crop_base_left_delta,min,50,-9.971572196582745,0.009049573895667962
crop_base_left_delta,min,total,-875.354433464636,-1.3653774839456219
crop_base_left_delta,max,1,-224.03751824292306,0.2799913631901916
crop_base_left_delta,max,2,19.193785124356904,0.1662401417228132
crop_base_left_delta,max,3,-32.744828639373395,0.11414168242274769
crop_base_left_delta,max,4,-25.176520214962487,0.08601040709156038
crop_base_left_delta,max,5,-21.463829482758104,0.07010600883466012
crop_base_left_delta,max,6,-2.8095525259369483,0.06052074082647518
crop_base_left_delta,max,7,-13.454814556030138,0.05424106743925172
crop_base_left_delta,max,8,-23.680405088139203,0.049717885286789
crop_base_left_delta,max,9,-17.84776434597717,0.0461503192333268
crop_base_left_delta,max,10,-7.3458111030841415,0.0431226422644837
crop_base_left_delta,max,11,-0.7357291919090572,0.04041828988997853
crop_base_left_delta,max,12,-23.56187026764589,0.03792379435244442
crop_base_left_delta,max,13,-22.032177092773555,0.03557767985528315
crop_base_left_delta,max,14,-21.529260040271442,0.03334926446027353
crop_base_left_delta,max,15,1.8062398416506023,0.031217461934266666
crop_base_left_delta,max,16,-0.3629020587893388,0.02917268178422905
crop_base_left_delta,max,17,-24.95896126173429,0.02720932173746604
crop_base_left_delta,max,18,-23.353985017025977,0.025319957145210736
crop_base_left_delta,max,19,-22.77417573079404,0.023502350069048106
crop_base_left_delta,max,20,-22.68259158293911,0.02175037819079151
crop_base_left_delta,max,21,1.3971845176702749,0.02006422996616175
crop_base_left_delta,max,22,-30.85300813291529,0.01844520667500049
crop_base_left_delta,max,23,-27.556844244966896,0.01688326074192048
crop_base_left_delta,max,24,-26.00333682321001,0.015375912248742907
crop_base_left_delta,max,25,-25.30178684439862,0.013930081652848258
crop_base_left_delta,max,26,3.705032206023309,0.012534777470485814
crop_base_left_delta,max,27,-34.434490628004134,0.011191799085494836
crop_base_left_delta,max,28,-30.04248705116431,0.00990027009713046
crop_base_left_delta,max,29,-27.7828274335413,0.008650981616384001
crop_base_left_delta,max,30,-26.555436187439568,0.0074556198749284874
crop_base_left_delta,max,31,7.656677726632014,0.006301458751820199
crop_base_left_delta,max,32,-35.52848696971298,0.005190410990500993
crop_base_left_delta,max,33,-30.408480258402253,0.00411948573897547
crop_base_left_delta,max,34,-27.555363704234853,0.0030898834490677984
crop_base_left_delta,max,35,97.57424844189367,0.002097042323114806
crop_base_left_delta,max,36,10.21418124691221,0.0011417736897918473
crop_base_left_delta,max,37,-15.979388196782317,0.00022042372708419578
crop_base_left_delta,max,38,-16.321849565912263,-0.0006635072520175811
crop_base_left_delta,max,39,-16.24974853218344,-0.001517902682302008
crop_base_left_delta,max,40,-15.90262025993008,-0.002338514880088738
crop_base_left_delta,max,41,18.127384116464174,-0.0031290656451083976
crop_base_left_delta,max,42,-25.76251242432341,-0.0038899480957788057
crop_base_left_delta,max,43,-19.934121361502346,-0.004623320743217363
crop_base_left_delta,max,44,-16.493275312297975,-0.00533013735143939
crop_base_left_delta,max,45,-14.238709933659672,-0.006010512631439369
crop_base_left_delta,max,46,23.252486031501885,-0.006664294405165805
crop_base_left_delta,max,47,-23.08766416598109,-0.007294801653777938
crop_base_left_delta,max,48,-16.46788628580616,-0.007902101272605933
crop_base_left_delta,max,49,-12.548207732493575,-0.008486977830578724
crop_base_left_delta,max,50,-9.989670298212465,-0.009048527734051959
crop_base_left_delta,max,total,-872.6236795370373,1.3653764436530764
crop_base_yield_delta,min,1,-224.74476101123938,-0.42725140512612825
crop_base_yield_delta,min,2,18.769573827357746,-0.2579711552763442
crop_base_yield_delta,min,3,-33.03940990046905,-0.18043957867291027
crop_base_yield_delta,min,4,-25.4011063437755,-0.13857572172145183
crop_base_yield_delta,min,5,-21.64884240116582,-0.1149069095730546
crop_base_yield_delta,min,6,-2.970715296786512,-0.10064203002308858
crop_base_yield_delta,min,7,-13.600352697106093,-0.09129707363670292
crop_base_yield_delta,min,8,-23.814688851330118,-0.08456587790412584
crop_base_yield_delta,min,9,-17.97317121017838,-0.07925654496788326
crop_base_yield_delta,min,10,-7.463684399901377,-0.07475065455275143
crop_base_yield_delta,min,11,-0.8468736758447135,-0.07072619404567781
crop_base_yield_delta,min,12,-23.66680790738018,-0.06701384538184385
crop_base_yield_delta,min,13,-22.131278208765437,-0.06352343613659883
crop_base_yield_delta,min,14,-21.62281470781752,-0.0602054030858028
crop_base_yield_delta,min,15,1.7179876298929297,-0.05703474982340584
crop_base_yield_delta,min,16,-0.44606415313337067,-0.05398941255980283
crop_base_yield_delta,min,17,-25.037240425741935,-0.05106984227017719
crop_base_yield_delta,min,18,-23.427562803806836,-0.04825782963564862
crop_base_yield_delta,min,19,-22.8432275491892,-0.04554946832611506
crop_base_yield_delta,min,20,-22.747288703546687,-0.042946742416784645
crop_base_yield_delta,min,21,1.3366807266514402,-0.04043956105267288
crop_base_yield_delta,min,22,-30.909477671113198,-0.03802433152290874
crop_base_yield_delta,min,23,-27.609425933684463,-0.03569842797564604
crop_base_yield_delta,min,24,-26.052174318981802,-0.0334615835230494
crop_base_yield_delta,min,25,-25.347023442566293,-0.03130651651482452
crop_base_yield_delta,min,26,3.6632654422900846,-0.02923198626273882
crop_base_yield_delta,min,27,-34.472915476708,-0.02723304961837414
crop_base_yield_delta,min,28,-30.077696458620405,-0.02530913735896334
crop_base_yield_delta,min,29,-27.8149365691592,-0.023458154001517073
crop_base_yield_delta,min,30,-26.584565056075906,-0.021673248761409525
crop_base_yield_delta,min,31,7.6304217941492585,-0.019954473730935618
crop_base_yield_delta,min,32,-35.551978816264025,-0.018301435560545087
crop_base_yield_delta,min,33,-30.429307531137407,-0.016707786996178697
crop_base_yield_delta,min,34,-27.573627470167065,-0.01517388248314333
crop_base_yield_delta,min,35,97.55845331620812,-0.013698083362442048
crop_base_yield_delta,min,36,10.20076337921313,-0.01227609400928742
crop_base_yield_delta,min,37,-15.990516364371715,-0.010907743862313524
crop_base_yield_delta,min,38,-16.330774430348665,-0.009588371688419528
crop_base_yield_delta,min,39,-16.25654966901824,-0.008319039517104443
crop_base_yield_delta,min,40,-15.907378695561166,-0.007096950511174427
crop_base_yield_delta,min,41,18.124593815062333,-0.005919367046949731
crop_base_yield_delta,min,42,-25.76340852070436,-0.004786044476727369
crop_base_yield_delta,min,43,-19.93319359633218,-0.0036955555730529
crop_base_yield_delta,min,44,-16.490590808656275,-0.002645633709740025
crop_base_yield_delta,min,45,-14.23433315470323,-0.0016337336749963072
crop_base_yield_delta,min,46,23.25849097162403,-0.0006593542830195531
crop_base_yield_delta,min,47,-23.08009027077279,0.0002790935545213813
crop_base_yield_delta,min,48,-16.458801955246088,0.001182229287465475
crop_base_yield_delta,min,49,-12.537669024778266,0.0020517298847302357
crop_base_yield_delta,min,50,-9.977731376723273,0.002890393755139442
crop_base_yield_delta,min,total,-876.549825956423,-2.560769975732569
crop_base_yield_delta,max,1,-223.8902581209061,0.42725148520713674
crop_base_yield_delta,max,2,19.285516014211247,0.2579710315771564
crop_base_yield_delta,max,3,-32.67853085990082,0.18043946189532534
crop_base_yield_delta,max,4,-25.12395502343144,0.1385755986226087
crop_base_yield_delta,max,5,-21.419028456431164,0.11490703516160039
crop_base_yield_delta,max,6,-2.769431096656212,0.10064217010721155
crop_base_yield_delta,max,7,-13.417758495772617,0.09129712769677312
crop_base_yield_delta,max,8,-23.645557158431956,0.08456581499403626
crop_base_yield_delta,max,9,-17.814658270560024,0.0792563946504714
crop_base_yield_delta,max,10,-7.314182752873009,0.07475099247561623
crop_base_yield_delta,max,11,-0.7054210353629959,0.07072644643603976
crop_base_yield_delta,max,12,-23.53277993992612,0.0670141220722158
crop_base_yield_delta,max,13,-22.004231227849232,0.06352354477960631
crop_base_yield_delta,max,14,-21.502404665250808,0.06020463948090793
crop_base_yield_delta,max,15,1.832056602776576,0.05703422306024031
crop_base_yield_delta,max,16,-0.338081141940747,0.05399359863282083
crop_base_yield_delta,max,17,-24.935104286425105,0.051066297046652664
crop_base_yield_delta,max,18,-23.331048933491083,0.04825604068010492
crop_base_yield_delta,max,19,-22.752125521659515,0.04555255920357126
crop_base_yield_delta,max,20,-22.66139664288922,0.04294531824068315
crop_base_yield_delta,max,21,1.4175582153662356,0.04043792766212251
crop_base_yield_delta,max,22,-30.8334282665153,0.0380250730749907
crop_base_yield_delta,max,23,-27.538026664715822,0.03570084099299464
crop_base_yield_delta,max,24,-25.98525190883463,0.033460826624121864
crop_base_yield_delta,max,25,-25.284409848944414,0.03130707710705494
crop_base_yield_delta,max,26,3.7217278438689365,0.029230415316113145
crop_base_yield_delta,max,27,-34.4184498559542,0.02723257113542843
crop_base_yield_delta,max,28,-30.02707754740094,0.025309773860502816
crop_base_yield_delta,max,29,-27.768023980197903,0.023454434959781167
crop_base_yield_delta,max,30,-26.541220569795197,0.02167123751929978
crop_base_yield_delta,max,31,7.670331465169387,0.019955197289192483
crop_base_yield_delta,max,32,-35.515376618803344,0.018300761900135853
crop_base_yield_delta,max,33,-30.39589185468968,0.016707889451549107
crop_base_yield_delta,max,34,-27.54327863295977,0.015174954724152201
crop_base_yield_delta,max,35,97.5858501140315,0.013698714460943506
crop_base_yield_delta,max,36,10.225315141440856,0.01227566821843773
crop_base_yield_delta,max,37,-15.968702891124186,0.010905729385214613
crop_base_yield_delta,max,38,-16.311596561693257,0.00958949696698852
crop_base_yield_delta,max,39,-16.23991177613725,0.008318853363885381
crop_base_yield_delta,max,40,-15.89318472410265,0.007097020947341548
crop_base_yield_delta,max,41,18.136434206628685,0.005921024519402351
crop_base_yield_delta,max,42,-25.753834821077373,0.004787655150259695
crop_base_yield_delta,max,43,-19.925802098067805,0.0036959426913227844
crop_base_yield_delta,max,44,-16.48530018575009,0.0026449891964439587
crop_base_yield_delta,max,45,-14.23106614583638,0.0016332751918533006
crop_base_yield_delta,max,46,23.25981000639109,0.0006596804840377501
crop_base_yield_delta,max,47,-23.080648197808046,-0.0002788334807348747
crop_base_yield_delta,max,48,-16.461166321669857,-0.0011821371363041067
crop_base_yield_delta,max,49,-12.541772609663825,-0.0020518550008290504
crop_base_yield_delta,max,50,-9.983510780482765,-0.002889010004352599
crop_base_yield_delta,max,total,-871.4282868820983,2.560769098592118
crop_carbon_above_sp3,min,1,-224.37974083056642,-0.06223122445317131
crop_carbon_above_sp3,min,2,19.043869459859486,0.016324477225396095
crop_carbon_above_sp3,min,3,-32.85266328775427,0.006307034041874715
crop_carbon_above_sp3,min,4,-25.25993653658672,0.0025940854673258684
crop_carbon_above_sp3,min,5,-21.533199736715268,0.0007357548774962197
crop_carbon_above_sp3,min,6,-2.9255094295954542,-0.05543616283203079
crop_carbon_above_sp3,min,7,-13.489010850014509,0.020044773454880982
crop_carbon_above_sp3,min,8,-23.721510245478697,0.00861272794729473
crop_carbon_above_sp3,min,9,-17.889754079640248,0.004160585570247122
crop_carbon_above_sp3,min,10,-7.387026151337241,0.0019075940113841838
crop_carbon_above_sp3,min,11,-0.8306290465655315,-0.054481564766495794
crop_carbon_above_sp3,min,12,-23.58590797679021,0.013886085208124399
crop_carbon_above_sp3,min,13,-22.062759910610474,0.004994862018364188
crop_carbon_above_sp3,min,14,-21.56091904806248,0.0016902566692351684
crop_carbon_above_sp3,min,15,1.7750657124904619,4.3332774126270124e-05
crop_carbon_above_sp3,min,16,-0.44214119545678443,-0.05006645488321659
crop_carbon_above_sp3,min,17,-24.968856518876787,0.01731406459497009
crop_carbon_above_sp3,min,18,-23.372171085951155,0.007133888220032247
crop_carbon_above_sp3,min,19,-22.794498245073278,0.003179835789808294
crop_carbon_above_sp3,min,20,-22.703155412815445,0.001186548314457525
crop_carbon_above_sp3,min,21,1.3280009259455747,-0.04911936175853837
crop_carbon_above_sp3,min,22,-30.860288835147088,0.01116450444320094
crop_carbon_above_sp3,min,23,-27.570195640113045,0.003531865595771677
crop_carbon_above_sp3,min,24,-26.017990277196922,0.000722458261829928
crop_carbon_above_sp3,min,25,-25.316372798476014,-0.0006558724245451231
crop_carbon_above_sp3,min,26,3.647807293577064,-0.04469013497575958
crop_carbon_above_sp3,min,27,-34.431070489289375,0.014611937800253827
crop_carbon_above_sp3,min,28,-30.046704351381585,0.005682969879856614
crop_carbon_above_sp3,min,29,-27.789250117211747,0.00222829794593693
crop_carbon_above_sp3,min,30,-26.56238884518446,0.0005029621300352005
crop_carbon_above_sp3,min,31,7.60665238946382,-0.04372387841637426
crop_carbon_above_sp3,min,32,-35.5692302986053,-0.03555291790181769
crop_carbon_above_sp3,min,33,-30.438040355298636,-0.025440611157407034
crop_carbon_above_sp3,min,34,-27.57864502855152,-0.020191440867598942
crop_carbon_above_sp3,min,35,97.55492070596705,-0.017230693603508485
crop_carbon_above_sp3,min,36,10.197586223354673,-0.0154532498677451
crop_carbon_above_sp3,min,37,-15.993900721506055,-0.0142921009966539
crop_carbon_above_sp3,min,38,-16.33464158525528,-0.013455526595034684
crop_carbon_above_sp3,min,39,-16.261030668371433,-0.012800038870295793
crop_carbon_above_sp3,min,40,-15.912525213449017,-0.012243468399026014
crop_carbon_above_sp3,min,41,18.11876817068543,-0.011745011423851537
crop_carbon_above_sp3,min,42,-25.769910306576232,-0.011287830348599925
crop_carbon_above_sp3,min,43,-19.94035599482341,-0.010857954064281472
crop_carbon_above_sp3,min,44,-16.49839494175563,-0.010449766809095706
crop_carbon_above_sp3,min,45,-14.242758425142398,-0.010059004114165049
crop_carbon_above_sp3,min,46,23.249466481239086,-0.009683844667964792
crop_carbon_above_sp3,min,47,-23.089693123332843,-0.009323759005532395
crop_carbon_above_sp3,min,48,-16.46896214665465,-0.00897796212109725
crop_carbon_above_sp3,min,49,-12.548365264744982,-0.008644510081985857
crop_carbon_above_sp3,min,50,-9.988945093863746,-0.008323323385333481
crop_carbon_above_sp3,min,total,-874.4669127472399,-0.4778567665495075
crop_carbon_above_sp3,max,1,-224.25527816257605,0.06223144353720045
crop_carbon_above_sp3,max,2,19.011220345906736,-0.016324636727354402
crop_carbon_above_sp3,max,3,-32.86527759677095,-0.006307274974808763
crop_carbon_above_sp3,max,4,-25.265124749563082,-0.0025941275090346494
crop_carbon_above_sp3,max,5,-21.53467146734593,-0.0007359757531659739
crop_carbon_above_sp3,max,6,-2.814636860860271,0.05543640590315224
crop_carbon_above_sp3,max,7,-13.529100395463438,-0.02004477199404775
crop_carbon_above_sp3,max,8,-23.738735651077807,-0.008612677651814948
crop_carbon_above_sp3,max,9,-17.898075184801865,-0.004160519591369649
crop_carbon_above_sp3,max,10,-7.390841164006664,-0.0019074186580390062
crop_carbon_above_sp3,max,11,-0.7216658640602724,0.054481617738763255
crop_carbon_above_sp3,max,12,-23.613679575661717,-0.013885513663382199
crop_carbon_above_sp3,max,13,-22.072748971973883,-0.004994199345045303
crop_carbon_above_sp3,max,14,-21.56429837961833,-0.0016890748866131844
crop_carbon_above_sp3,max,15,1.774976279019989,-4.610069634658487e-05
crop_carbon_above_sp3,max,16,-0.3420052892078136,0.05006945136575425
crop_carbon_above_sp3,max,17,-25.00348857220263,-0.017317988730873424
crop_carbon_above_sp3,max,18,-23.386436693292445,-0.0071317191212578734
crop_carbon_above_sp3,max,19,-22.80085763586862,-0.0031795550055342403
crop_carbon_above_sp3,max,20,-22.705530377123303,-0.0011884159934005822
crop_carbon_above_sp3,max,21,1.4262392590483808,0.04911897134426768
crop_carbon_above_sp3,max,22,-30.882616532424596,-0.011163192834306557
crop_carbon_above_sp3,max,23,-27.57725534114126,-0.0035278354324432826
crop_carbon_above_sp3,max,24,-26.019437185884797,-0.0007244504260448537
crop_carbon_above_sp3,max,25,-25.3150594162773,0.0006575097741681191
crop_carbon_above_sp3,max,26,3.7371845265639205,0.04468709801109716
crop_carbon_above_sp3,max,27,-34.46029240675011,-0.014609979660484385
crop_carbon_above_sp3,max,28,-30.05807044412385,-0.005683122862407686
crop_carbon_above_sp3,max,29,-27.793710488671078,-0.0022320735133938285
crop_carbon_above_sp3,max,30,-26.563394087118684,-0.0005022798041878218
crop_carbon_above_sp3,max,31,7.694100564987977,0.04372429710778292
crop_carbon_above_sp3,max,32,-35.498125497785374,0.035551882918106514
crop_carbon_above_sp3,max,33,-30.387157296608272,0.025442447532956436
crop_carbon_above_sp3,max,34,-27.538262296725126,0.02019129095879535
crop_carbon_above_sp3,max,35,97.58938344198341,0.01723204241285714
crop_carbon_above_sp3,max,36,10.228491698165632,0.015452224943214077
crop_carbon_above_sp3,max,37,-15.965319184893296,0.01428943561610474
crop_carbon_above_sp3,max,38,-16.307729203587485,0.013456855072760732
crop_carbon_above_sp3,max,39,-16.23543189564771,0.012798733853426114
crop_carbon_above_sp3,max,40,-15.88803904831342,0.01224269673657119
crop_carbon_above_sp3,max,41,18.142260154637565,0.011746972528282384
crop_carbon_above_sp3,max,42,-25.7473329525123,0.011289523715333871
crop_carbon_above_sp3,max,43,-19.918639016438906,0.010859024320222233
crop_carbon_above_sp3,max,44,-16.477495534535596,0.010449640410939764
crop_carbon_above_sp3,max,45,-14.222640571405371,0.010058849622861743
crop_carbon_above_sp3,max,46,23.268835020071215,0.009684694164164398
crop_carbon_above_sp3,max,47,-23.071045421393965,0.009323942933345819
crop_carbon_above_sp3,max,48,-16.45100646086355,0.008977723670003712
crop_carbon_above_sp3,max,49,-12.531077159352643,0.008643595310353192
crop_carbon_above_sp3,max,50,-9.972297962963836,0.008323807514576842
crop_carbon_above_sp3,max,total,-873.5111967065087,0.4778592741816965
crop_carbon_below_sp3,min,1,-224.33903367480804,-0.021524068694787957
crop_carbon_below_sp3,min,2,19.014084071147856,-0.013460911486234295
crop_carbon_below_sp3,min,3,-32.86873813900432,-0.009767817208178542
crop_carbon_below_sp3,min,4,-25.270304261056495,-0.007773639002447652
crop_carbon_below_sp3,min,5,-21.540581676404045,-0.006646184811280875
crop_carbon_below_sp3,min,6,-2.8760399039285165,-0.005966637165093047
crop_carbon_below_sp3,min,7,-13.51457724618717,-0.005521622717779451
crop_carbon_below_sp3,min,8,-23.73532393643599,-0.005200963009997395
crop_carbon_below_sp3,min,9,-17.89886270451141,-0.004948039300913365
crop_carbon_below_sp3,min,10,-7.3936671669855745,-0.004733421636949231
crop_carbon_below_sp3,min,11,-0.7806891583306883,-0.004541676531652605
crop_carbon_below_sp3,min,12,-23.625683174429827,-0.025889112431492833
crop_carbon_below_sp3,min,13,-22.085413885548366,-0.01765911291952804
crop_carbon_below_sp3,min,14,-21.576417271848342,-0.013807967116626685
crop_carbon_below_sp3,min,15,1.763358556942948,-0.011663822773387622
crop_carbon_below_sp3,min,16,-0.4024647587675565,-0.01039001819398866
crop_carbon_below_sp3,min,17,-24.995745029015445,-0.009574445543687915
crop_carbon_below_sp3,min,18,-23.388297368830646,-0.008992394659458114
crop_carbon_below_sp3,min,19,-22.806219877765326,-0.00854179690223944
crop_carbon_below_sp3,min,20,-22.712509486985095,-0.008167525855192537
crop_carbon_below_sp3,min,21,1.3692864176641484,-0.007833870039964719
crop_carbon_below_sp3,min,22,-30.900502100845816,-0.029048761255527467
crop_carbon_below_sp3,min,23,-27.59442508631929,-0.020697580610473665
crop_carbon_below_sp3,min,24,-26.03544588079948,-0.016733145340726452
crop_carbon_below_sp3,min,25,-25.330194844140074,-0.014477918088605435
crop_carbon_below_sp3,min,26,3.6793954348305458,-0.013101993722277605
crop_carbon_below_sp3,min,27,-34.457863372338316,-0.01218094524868718
crop_carbon_below_sp3,min,28,-30.063891683524705,-0.011504362263263346
crop_carbon_below_sp3,min,29,-27.802443115811567,-0.010964700653882886
crop_carbon_below_sp3,min,30,-26.573387630531283,-0.010495823216785993
crop_carbon_below_sp3,min,31,7.640300596187448,-0.010075671692746369
crop_carbon_below_sp3,min,32,-35.596781726423,-0.06310434571952328
crop_carbon_below_sp3,min,33,-30.455325125242403,-0.04272538110117452
crop_carbon_below_sp3,min,34,-27.59166326158621,-0.03320967390228802
crop_carbon_below_sp3,min,35,97.54422697794018,-0.027924421630373786
crop_carbon_below_sp3,min,36,10.188232717593506,-0.024806755628912214
crop_carbon_below_sp3,min,37,-16.00241965598095,-0.022811035471550056
crop_carbon_below_sp3,min,38,-16.342593912371267,-0.02140785371102183
crop_carbon_below_sp3,min,39,-16.268557272256814,-0.02032664275567697
crop_carbon_below_sp3,min,40,-15.919706413030665,-0.019424667980674215
crop_carbon_below_sp3,min,41,18.111887368943975,-0.018625813165307648
crop_carbon_below_sp3,min,42,-25.776517469372315,-0.017894993144683013
crop_carbon_below_sp3,min,43,-19.946707992790195,-0.017209952031066678
crop_carbon_below_sp3,min,44,-16.504506448010996,-0.01656127306446109
crop_carbon_below_sp3,min,45,-14.24864035446991,-0.015940933441676464
crop_carbon_below_sp3,min,46,23.24380410260317,-0.01534622330387947
crop_carbon_below_sp3,min,47,-23.095145609235285,-0.014776244907974245
crop_carbon_below_sp3,min,48,-16.474210999793712,-0.014226815260158787
crop_carbon_below_sp3,min,49,-12.553419591241079,-0.013698836578083018
crop_carbon_below_sp3,min,50,-9.993811624683797,-0.013189854205384322
crop_carbon_below_sp3,min,total,-874.7841536477882,-0.7950976670978207
crop_carbon_below_sp3,max,1,-224.2959852955393,0.021524310573937555
crop_carbon_below_sp3,max,2,19.041005715377217,0.013460732743126869
crop_carbon_below_sp3,max,3,-32.8492027308578,0.00976759093834545
crop_carbon_below_sp3,max,4,-25.254757106637744,0.007773515416303667
crop_carbon_below_sp3,max,5,-21.527289435590806,0.006646056001958556
crop_carbon_below_sp3,max,6,-2.8641062632207204,0.005967003542703075
crop_carbon_below_sp3,max,7,-13.503534091699905,0.005521531769485222
crop_carbon_below_sp3,max,8,-23.724921974316867,0.005200999109124638
crop_carbon_below_sp3,max,9,-17.888966572675663,0.0049480925348319715
crop_carbon_below_sp3,max,10,-7.384200161176338,0.004733584172287308
crop_carbon_below_sp3,max,11,-0.7716057430541645,0.004541738744871182
crop_carbon_below_sp3,max,12,-23.5739047260617,0.025889335936636115
crop_carbon_below_sp3,max,13,-22.050095119569352,0.01765965305948569
crop_carbon_below_sp3,max,14,-21.548799950550766,0.01380935418094964
crop_carbon_below_sp3,max,15,1.7866852655247119,0.011662885808376267
crop_carbon_below_sp3,max,16,-0.3816837330145306,0.010391007559037213
crop_carbon_below_sp3,max,17,-24.976599009276995,0.009571574194762178
crop_carbon_below_sp3,max,18,-23.370310953339906,0.008994020831281091
crop_carbon_below_sp3,max,19,-22.789134750509717,0.008543330353369072
crop_carbon_below_sp3,max,20,-22.69617549507073,0.008166466059172706
crop_carbon_below_sp3,max,21,1.3849520783122555,0.00783179060814243
crop_carbon_below_sp3,max,22,-30.842402796361725,0.029050543228564152
crop_carbon_below_sp3,max,23,-27.55302853084158,0.02069897486723704
crop_carbon_below_sp3,max,24,-26.001979659194156,0.016733076264596747
crop_carbon_below_sp3,max,25,-25.301238164774226,0.014478761277242569
crop_carbon_below_sp3,max,26,3.7055975046475798,0.013100076094756385
crop_carbon_below_sp3,max,27,-34.433501387886395,0.012181039203234434
crop_carbon_below_sp3,max,28,-30.040881260119516,0.011506061141925983
crop_carbon_below_sp3,max,29,-27.78051804826682,0.010960366890863327
crop_carbon_below_sp3,max,30,-26.552396453181355,0.010495354133141177
crop_carbon_below_sp3,max,31,7.660452664262949,0.010076396382754815
crop_carbon_below_sp3,max,32,-35.47057463972954,0.06310274097393886
crop_carbon_below_sp3,max,33,-30.36987484321725,0.04272490092397874
crop_carbon_below_sp3,max,34,-27.525243617216177,0.033209970467744654
crop_carbon_below_sp3,max,35,97.60007836407475,0.0279269645041893
crop_carbon_below_sp3,max,36,10.23784502424373,0.024805551021312766
crop_carbon_below_sp3,max,37,-15.956800168976839,0.022808451532561946
crop_carbon_below_sp3,max,38,-16.299777492451092,0.021408566209153435
crop_carbon_below_sp3,max,39,-16.227904453236285,0.020326176264852336
crop_carbon_below_sp3,max,40,-15.880858018589933,0.019423726460058077
crop_carbon_below_sp3,max,41,18.149140135573255,0.01862695346397203
crop_carbon_below_sp3,max,42,-25.740727169746215,0.01789530648141735
crop_carbon_below_sp3,max,43,-19.912286835820545,0.01721120493858308
crop_carbon_below_sp3,max,44,-16.471384689268433,0.01656048567810231
crop_carbon_below_sp3,max,45,-14.216758385260153,0.015941035768079814
crop_carbon_below_sp3,max,46,23.2744973832107,0.015347057303650047
crop_carbon_below_sp3,max,47,-23.06559328780491,0.014776076522402093
crop_carbon_below_sp3,max,48,-16.44575716383606,0.014227020697493487
crop_carbon_below_sp3,max,49,-12.526022727267323,0.013698027395673051
crop_carbon_below_sp3,max,50,-9.967431200479776,0.013190569998636548
crop_carbon_below_sp3,max,total,-873.1939599704622,0.7950960102282352
crop_intercept_sp3,min,1,-224.37200102780866,-0.054491421695416875
crop_intercept_sp3,min,2,19.039090306501038,0.011545323866947399
crop_intercept_sp3,min,3,-32.85707357029912,0.0018967514970213983
crop_intercept_sp3,min,4,-25.264384731496364,-0.001854109442316343
crop_intercept_sp3,min,5,-21.537703038845887,-0.0037675472531226717
crop_intercept_sp3,min,6,-2.9230645013973593,-0.052991234633935846
crop_intercept_sp3,min,7,-13.49652735657001,0.012528266899380469
crop_intercept_sp3,min,8,-23.72751827555206,0.002604697873930917
crop_intercept_sp3,min,9,-17.895210392090025,-0.0012957268795297239
crop_intercept_sp3,min,10,-7.392227434434437,-0.003293689085811735
crop_intercept_sp3,min,11,-0.8287155616236004,-0.052568079824564684
crop_intercept_sp3,min,12,-23.586875104342337,0.012918957655998042
crop_intercept_sp3,min,13,-22.064783289807906,0.002971482820932181
crop_intercept_sp3,min,14,-21.563555524739204,-0.0009462200074885629
crop_intercept_sp3,min,15,1.7720615553471664,-0.0029608243691692238
crop_intercept_sp3,min,16,-0.4443217768748138,-0.05224703630124594
crop_intercept_sp3,min,17,-24.97294550100303,0.013225082468729
crop_intercept_sp3,min,18,-23.376036901816978,0.0032680723542100054
crop_intercept_sp3,min,19,-22.798338939944962,-0.000660859081875742
crop_intercept_sp3,min,20,-22.707029377568926,-0.0026874164390235933
crop_intercept_sp3,min,21,1.3251345792918654,-0.0519857084122477
crop_intercept_sp3,min,22,-30.85797174984636,0.013481589743928879
crop_intercept_sp3,min,23,-27.570213909213034,0.003513596495782423
crop_intercept_sp3,min,24,-26.019141241414523,-0.0004285059557709303
crop_intercept_sp3,min,25,-25.31817572352999,-0.0024587974785212907
crop_intercept_sp3,min,26,3.6407307564404716,-0.05176667211235175
crop_intercept_sp3,min,27,-34.43199135799408,0.01369106909555029
crop_intercept_sp3,min,28,-30.048673295993545,0.003714025267896659
crop_intercept_sp3,min,29,-27.791712469077194,-0.00023405391950959142
crop_intercept_sp3,min,30,-26.56516507181596,-0.002273264501464922
crop_intercept_sp3,min,31,7.598791032358907,-0.05158523552128713
crop_intercept_sp3,min,32,-35.57725198817882,-0.043574607475342475
crop_intercept_sp3,min,33,-30.439348357802285,-0.026748613661055742
crop_intercept_sp3,min,34,-27.576875509337224,-0.01842192165330303
crop_intercept_sp3,min,35,97.55831267770326,-0.013838721867301729
crop_intercept_sp3,min,36,10.201864420591088,-0.011175052631330118
crop_intercept_sp3,min,37,-15.98911765110274,-0.009509030593338963
crop_intercept_sp3,min,38,-16.32955411775528,-0.008368059095033686
crop_intercept_sp3,min,39,-16.25573905385792,-0.007508424356782228
crop_intercept_sp3,min,40,-15.907088655223857,-0.006806910173866143
crop_intercept_sp3,min,41,18.124321967200924,-0.006191214908358944
crop_intercept_sp3,min,42,-25.764256279671134,-0.005633803443501506
crop_intercept_sp3,min,43,-19.93461272836756,-0.005114687608433144
crop_intercept_sp3,min,44,-16.49256961572303,-0.0046244407764959305
crop_intercept_sp3,min,45,-14.236855716258304,-0.0041562952300715494
crop_intercept_sp3,min,46,23.25544381582527,-0.0037065100817805785
crop_intercept_sp3,min,47,-23.083646037759046,-0.003276673431734878
crop_intercept_sp3,min,48,-16.46284635107004,-0.0028621665364880755
crop_intercept_sp3,min,49,-12.54218482141386,-0.002464066750864191
crop_intercept_sp3,min,50,-9.982701880058025,-0.0020801095796123548
crop_intercept_sp3,min,total,-874.4702547774195,-0.4811987967291316
crop_intercept_sp3,max,1,-224.30388658070873,0.0136230254045131
crop_intercept_sp3,max,2,19.024658574011365,-0.002886408622725156
crop_intercept_sp3,max,3,-32.85944470539114,-0.0004743835949980735
crop_intercept_sp3,max,4,-25.262067104718668,0.0004635173353797484
crop_intercept_sp3,max,5,-21.53299368010061,0.0009418114921544429
crop_intercept_sp3,max,6,-2.856825364251983,0.01324790251144048
crop_intercept_sp3,max,7,-13.512187699345247,-0.0031320758758575096
crop_intercept_sp3,max,8,-23.73077411124026,-0.000651137814269731
crop_intercept_sp3,max,9,-17.893590691177437,0.00032397403305850503
crop_intercept_sp3,max,10,-7.3881101663890405,0.0008235789595847365
crop_intercept_sp3,max,11,-0.7630055752844327,0.013141906514603008
crop_intercept_sp3,max,12,-23.603023455584896,-0.003229393586561713
crop_intercept_sp3,max,13,-22.068497455471487,-0.0007426828426488896
crop_intercept_sp3,max,14,-21.56237155868968,0.00023774604203552485
crop_intercept_sp3,max,15,1.7757617766345293,0.000739396918193691
crop_intercept_sp3,max,16,-0.37901100195848514,0.013063738615082698
crop_intercept_sp3,max,17,-24.989477290414563,-0.0033067069428049933
crop_intercept_sp3,max,18,-23.38012233863401,-0.0008173644628222121
crop_intercept_sp3,max,19,-22.79751088879832,0.0001671920647652314
crop_intercept_sp3,max,20,-22.703671454658554,0.0006705064713479203
crop_intercept_sp3,max,21,1.390115126273781,0.012994838569667877
crop_intercept_sp3,max,22,-30.874823018468533,-0.003369678878243576
crop_intercept_sp3,max,23,-27.57460382325718,-0.0008763175483643693
crop_intercept_sp3,max,24,-26.018607626976998,0.0001051084817547121
crop_intercept_sp3,max,25,-25.315101108886413,0.0006158171650554323
crop_intercept_sp3,max,26,3.705438157838293,0.012940729285469743
crop_intercept_sp3,max,27,-34.44910497140435,-0.0034225443147235524
crop_intercept_sp3,max,28,-30.053315176581464,-0.0009278553200218198
crop_intercept_sp3,max,29,-27.791423134424683,5.528073300098413e-05
crop_intercept_sp3,max,30,-26.562325195359374,0.0005666119551221982
crop_intercept_sp3,max,31,7.663273249384275,0.01289698150408114
crop_intercept_sp3,max,32,-35.52278604022548,0.010891340477996891
crop_intercept_sp3,max,33,-30.40591129068963,0.0066884534515985195
crop_intercept_sp3,max,34,-27.553847750132988,0.004605837550933245
crop_intercept_sp3,max,35,97.57561248955187,0.003461089981314558
crop_intercept_sp3,max,36,10.215833288460887,0.0027938152384692216
crop_intercept_sp3,max,37,-15.977231971928477,0.0023766485809240123
crop_intercept_sp3,max,38,-16.319093647453368,0.0020924112068776424
crop_intercept_sp3,max,39,-16.24635325117392,0.00187737832721524
crop_intercept_sp3,max,40,-15.898580741839499,0.001701003210492047
crop_intercept_sp3,max,41,18.13206136207609,0.0015481799668073393
crop_intercept_sp3,max,42,-25.757213584151277,0.001408892076355528
crop_intercept_sp3,max,43,-19.92821851830943,0.0012795224496997548
crop_intercept_sp3,max,44,-16.486789805114643,0.001155369831892017
crop_intercept_sp3,max,45,-14.23166090773509,0.001038513293142529
crop_intercept_sp3,max,46,23.260076894577463,0.0009265686704118536
crop_intercept_sp3,max,47,-23.079550105758713,0.0008192585685975473
crop_intercept_sp3,max,48,-16.459268717454314,0.0007154670792388629
crop_intercept_sp3,max,49,-12.539105083926787,0.0006156707362094949
crop_intercept_sp3,max,50,-9.980101376687404,0.0005203937910085443
crop_intercept_sp3,max,total,-873.868757051949,0.12029892874136294
crop_nitrogen_above_sp3,min,1,-224.31025114061325,0.007258465500001421
crop_nitrogen_above_sp3,min,2,19.028360082634094,0.0008151000000040654
crop_nitrogen_above_sp3,min,3,-32.858155221796146,0.0008150999999969599
crop_nitrogen_above_sp3,min,4,-25.261715522054047,0.0008151000000005126
crop_nitrogen_above_sp3,min,5,-21.533120391592764,0.0008151000000005126
crop_nitrogen_above_sp3,min,6,-2.8628148012634242,0.0072584654999992
crop_nitrogen_above_sp3,min,7,-13.50824052346939,0.0008151000000005126
crop_nitrogen_above_sp3,min,8,-23.729307873425995,0.0008150999999969599
crop_nitrogen_above_sp3,min,9,-17.8930995652105,0.0008150999999969599
crop_nitrogen_above_sp3,min,10,-7.3881186453486265,0.0008150999999987363
crop_nitrogen_above_sp3,min,11,-0.7688890162990352,0.007258465500000533
crop_nitrogen_above_sp3,min,12,-23.598163861998337,0.0016301999999974726
crop_nitrogen_above_sp3,min,13,-22.06612457262884,0.0016301999999974726
crop_nitrogen_above_sp3,min,14,-21.560979104731715,0.0016302000000010253
crop_nitrogen_above_sp3,min,15,1.7766525797163366,0.0016302000000010253
crop_nitrogen_above_sp3,min,16,-0.3846940100735683,0.007380730499999544
crop_nitrogen_above_sp3,min,17,-24.98454038347176,0.0016301999999974726
crop_nitrogen_above_sp3,min,18,-23.37767477417119,0.0016301999999974726
crop_nitrogen_above_sp3,min,19,-22.796047880863085,0.0016302000000010253
crop_nitrogen_above_sp3,min,20,-22.7027117611299,0.0016302000000010253
crop_nitrogen_above_sp3,min,21,1.384501018204113,0.007380730499999988
crop_nitrogen_above_sp3,min,22,-30.869008039590287,0.002445300000001538
crop_nitrogen_above_sp3,min,23,-27.57128220570882,0.002445299999997985
crop_nitrogen_above_sp3,min,24,-26.016267435458754,0.002445299999997985
crop_nitrogen_above_sp3,min,25,-25.31327162605147,0.002445299999997985
crop_nitrogen_above_sp3,min,26,3.7000004240528233,0.007502995499999887
crop_nitrogen_above_sp3,min,27,-34.44323712708963,0.002445299999997985
crop_nitrogen_above_sp3,min,28,-30.04994202126144,0.002445300000001538
crop_nitrogen_above_sp3,min,29,-27.789033115157686,0.002445299999997985
crop_nitrogen_above_sp3,min,30,-26.5604465073145,0.002445299999997985
crop_nitrogen_above_sp3,min,31,7.6578792633801935,0.007502995499999443
crop_nitrogen_above_sp3,min,32,-35.52528185070348,0.008395530000001372
crop_nitrogen_above_sp3,min,33,-30.404204214141227,0.008395530000001372
crop_nitrogen_above_sp3,min,34,-27.55005805768392,0.008395530000001372
crop_nitrogen_above_sp3,min,35,97.58054692957056,0.008395530000001372
crop_nitrogen_above_sp3,min,36,10.221435003222417,0.008395529999999596
crop_nitrogen_above_sp3,min,37,-15.971213090509401,0.008395529999999596
crop_nitrogen_above_sp3,min,38,-16.312790528660244,0.008395530000001372
crop_nitrogen_above_sp3,min,39,-16.23983509950114,0.00839552999999782
crop_nitrogen_above_sp3,min,40,-15.89188621504999,0.008395530000001372
crop_nitrogen_above_sp3,min,41,18.138908712109284,0.008395530000001372
crop_nitrogen_above_sp3,min,42,-25.75022694622763,0.008395530000001372
crop_nitrogen_above_sp3,min,43,-19.921102510759127,0.008395530000001372
crop_nitrogen_above_sp3,min,44,-16.479549644946538,0.00839552999999782
crop_nitrogen_above_sp3,min,45,-14.224303891028232,0.008395530000001372
crop_nitrogen_above_sp3,min,46,23.267545855907052,0.008395530000001372
crop_nitrogen_above_sp3,min,47,-23.071973834327313,0.00839552999999782
crop_nitrogen_above_sp3,min,48,-16.451588654533552,0.008395530000001372
crop_nitrogen_above_sp3,min,49,-12.531325224662996,0.008395529999999596
crop_nitrogen_above_sp3,min,50,-9.972226240478413,0.008395529999999596
crop_nitrogen_above_sp3,min,total,-873.7388732621904,0.25018271850001383
crop_nitrogen_above_sp3,max,1,-224.32476807161325,-0.007258465500001421
crop_nitrogen_above_sp3,max,2,19.026729882634093,-0.0008150999999969599
crop_nitrogen_above_sp3,max,3,-32.85978542179615,-0.0008151000000040654
crop_nitrogen_above_sp3,max,4,-25.263345722054048,-0.0008151000000005126
crop_nitrogen_above_sp3,max,5,-21.534750591592765,-0.0008151000000005126
crop_nitrogen_above_sp3,max,6,-2.877331732263423,-0.0072584654999996445
crop_nitrogen_above_sp3,max,7,-13.509870723469387,-0.0008150999999969599
crop_nitrogen_above_sp3,max,8,-23.730938073425992,-0.0008151000000005126
crop_nitrogen_above_sp3,max,9,-17.894729765210496,-0.0008151000000005126
crop_nitrogen_above_sp3,max,10,-7.389748845348627,-0.0008151000000014008
crop_nitrogen_above_sp3,max,11,-0.7834059472990353,-0.0072584654999996445
crop_nitrogen_above_sp3,max,12,-23.601424261998336,-0.0016302000000010253
crop_nitrogen_above_sp3,max,13,-22.06938497262884,-0.0016302000000010253
crop_nitrogen_above_sp3,max,14,-21.564239504731717,-0.0016302000000010253
crop_nitrogen_above_sp3,max,15,1.7733921797163354,-0.001630200000000137
crop_nitrogen_above_sp3,max,16,-0.39945547107356827,-0.007380730500000432
crop_nitrogen_above_sp3,max,17,-24.98780078347176,-0.0016302000000010253
crop_nitrogen_above_sp3,max,18,-23.38093517417119,-0.0016302000000010253
crop_nitrogen_above_sp3,max,19,-22.799308280863087,-0.0016302000000010253
crop_nitrogen_above_sp3,max,20,-22.7059721611299,-0.0016301999999974726
crop_nitrogen_above_sp3,max,21,1.3697395572041131,-0.007380730499999988
crop_nitrogen_above_sp3,max,22,-30.873898639590287,-0.002445299999997985
crop_nitrogen_above_sp3,max,23,-27.57617280570882,-0.002445300000001538
crop_nitrogen_above_sp3,max,24,-26.021158035458754,-0.002445300000001538
crop_nitrogen_above_sp3,max,25,-25.31816222605147,-0.002445300000001538
crop_nitrogen_above_sp3,max,26,3.6849944330528235,-0.007502995499999887
crop_nitrogen_above_sp3,max,27,-34.448127727089634,-0.0024453000000050906
crop_nitrogen_above_sp3,max,28,-30.054832621261443,-0.002445300000001538
crop_nitrogen_above_sp3,max,29,-27.793923715157685,-0.002445300000001538
crop_nitrogen_above_sp3,max,30,-26.565337107314498,-0.002445300000001538
crop_nitrogen_above_sp3,max,31,7.642873272380194,-0.007502995500000331
crop_nitrogen_above_sp3,max,32,-35.54207291070348,-0.008395530000001372
crop_nitrogen_above_sp3,max,33,-30.420995274141227,-0.00839552999999782
crop_nitrogen_above_sp3,max,34,-27.566849117683923,-0.008395530000001372
crop_nitrogen_above_sp3,max,35,97.56375586957057,-0.008395529999987161
crop_nitrogen_above_sp3,max,36,10.204643943222418,-0.008395529999999596
crop_nitrogen_above_sp3,max,37,-15.9880041505094,-0.008395529999999596
crop_nitrogen_above_sp3,max,38,-16.329581588660243,-0.00839552999999782
crop_nitrogen_above_sp3,max,39,-16.25662615950114,-0.008395530000001372
crop_nitrogen_above_sp3,max,40,-15.90867727504999,-0.008395529999999596
crop_nitrogen_above_sp3,max,41,18.122117652109285,-0.00839552999999782
crop_nitrogen_above_sp3,max,42,-25.767018006227634,-0.008395530000001372
crop_nitrogen_above_sp3,max,43,-19.937893570759126,-0.00839552999999782
crop_nitrogen_above_sp3,max,44,-16.496340704946537,-0.008395530000001372
crop_nitrogen_above_sp3,max,45,-14.241094951028233,-0.008395529999999596
crop_nitrogen_above_sp3,max,46,23.25075479590705,-0.008395530000001372
crop_nitrogen_above_sp3,max,47,-23.088764894327312,-0.008395530000001372
crop_nitrogen_above_sp3,max,48,-16.46837971453355,-0.00839552999999782
crop_nitrogen_above_sp3,max,49,-12.548116284662996,-0.008395529999999596
crop_nitrogen_above_sp3,max,50,-9.989017300478412,-0.008395529999999596
crop_nitrogen_above_sp3,max,total,-874.2392386991905,-0.2501827185001275
crop_nitrogen_below_sp3,min,1,-224.31565975811327,0.0018498479999777828
crop_nitrogen_below_sp3,min,2,19.029394830634093,0.0018498480000026518
crop_nitrogen_below_sp3,min,3,-32.857120473796144,0.001849847999999099
crop_nitrogen_below_sp3,min,4,-25.260680774054048,0.001849847999999099
crop_nitrogen_below_sp3,min,5,-21.532085643592765,0.001849847999999099
crop_nitrogen_below_sp3,min,6,-2.8682234187634235,0.0018498479999999873
crop_nitrogen_below_sp3,min,7,-13.507205775469389,0.0018498480000008755
crop_nitrogen_below_sp3,min,8,-23.72827312542599,0.0018498480000026518
crop_nitrogen_below_sp3,min,9,-17.892064817210496,0.001849847999999099
crop_nitrogen_below_sp3,min,10,-7.387083897348626,0.001849847999999099
crop_nitrogen_below_sp3,min,11,-0.7742976337990357,0.0018498479999999873
crop_nitrogen_below_sp3,min,12,-23.596094365998336,0.003699695999998198
crop_nitrogen_below_sp3,min,13,-22.06405507662884,0.003699695999998198
crop_nitrogen_below_sp3,min,14,-21.558909608731717,0.003699695999998198
crop_nitrogen_below_sp3,min,15,1.7787220757163356,0.0036996959999999746
crop_nitrogen_below_sp3,min,16,-0.38837504457356875,0.0036996959999990864
crop_nitrogen_below_sp3,min,17,-24.98247088747176,0.003699695999998198
crop_nitrogen_below_sp3,min,18,-23.37560527817119,0.003699695999998198
crop_nitrogen_below_sp3,min,19,-22.793978384863088,0.003699695999998198
crop_nitrogen_below_sp3,min,20,-22.7006422651299,0.003699696000001751
crop_nitrogen_below_sp3,min,21,1.3808199837041126,0.0036996959999995305
crop_nitrogen_below_sp3,min,22,-30.865903795590288,0.00554954400000085
crop_nitrogen_below_sp3,min,23,-27.56817796170882,0.005549543999997297
crop_nitrogen_below_sp3,min,24,-26.013163191458755,0.005549543999997297
crop_nitrogen_below_sp3,min,25,-25.31016738205147,0.005549543999997297
crop_nitrogen_below_sp3,min,26,3.698046972552823,0.005549543999999518
crop_nitrogen_below_sp3,min,27,-34.44013288308963,0.005549543999997297
crop_nitrogen_below_sp3,min,28,-30.04683777726144,0.00554954400000085
crop_nitrogen_below_sp3,min,29,-27.785928871157687,0.005549543999997297
crop_nitrogen_below_sp3,min,30,-26.5573422633145,0.005549543999997297
crop_nitrogen_below_sp3,min,31,7.655925811880193,0.005549543999999074
crop_nitrogen_below_sp3,min,32,-35.523536850303486,0.010140530399993963
crop_nitrogen_below_sp3,min,33,-30.402459213741228,0.010140530400001069
crop_nitrogen_below_sp3,min,34,-27.54831305728392,0.010140530400001069
crop_nitrogen_below_sp3,min,35,97.58229192997057,0.010140530400008174
crop_nitrogen_below_sp3,min,36,10.223180003622417,0.010140530399999292
crop_nitrogen_below_sp3,min,37,-15.969468090109402,0.010140530399999292
crop_nitrogen_below_sp3,min,38,-16.311045528260244,0.010140530400001069
crop_nitrogen_below_sp3,min,39,-16.23809009910114,0.010140530399997516
crop_nitrogen_below_sp3,min,40,-15.89014121464999,0.010140530400001069
crop_nitrogen_below_sp3,min,41,18.140653712509284,0.010140530400001069
crop_nitrogen_below_sp3,min,42,-25.74848194582763,0.010140530400001069
crop_nitrogen_below_sp3,min,43,-19.919357510359127,0.010140530400001069
crop_nitrogen_below_sp3,min,44,-16.477804644546538,0.010140530399997516
crop_nitrogen_below_sp3,min,45,-14.222558890628232,0.010140530400001069
crop_nitrogen_below_sp3,min,46,23.26929085630705,0.010140530400001069
crop_nitrogen_below_sp3,min,47,-23.070228833927313,0.010140530399997516
crop_nitrogen_below_sp3,min,48,-16.449843654133552,0.010140530400001069
crop_nitrogen_below_sp3,min,49,-12.529580224262995,0.010140530400001069
crop_nitrogen_below_sp3,min,50,-9.970481240078414,0.010140530399999292
crop_nitrogen_below_sp3,min,total,-873.6835451750906,0.30551080559985166
crop_nitrogen_below_sp3,max,1,-224.31935945411325,-0.0018498480000062045
crop_nitrogen_below_sp3,max,2,19.02569513463409,-0.001849847999999099
crop_nitrogen_below_sp3,max,3,-32.86082016979614,-0.001849847999999099
crop_nitrogen_below_sp3,max,4,-25.26438047005405,-0.0018498480000026518
crop_nitrogen_below_sp3,max,5,-21.535785339592763,-0.001849847999999099
crop_nitrogen_below_sp3,max,6,-2.871923114763424,-0.0018498480000004314
crop_nitrogen_below_sp3,max,7,-13.510905471469389,-0.001849847999999099
crop_nitrogen_below_sp3,max,8,-23.73197282142599,-0.001849847999999099
crop_nitrogen_below_sp3,max,9,-17.895764513210494,-0.001849847999999099
crop_nitrogen_below_sp3,max,10,-7.390783593348626,-0.0018498480000008755
crop_nitrogen_below_sp3,max,11,-0.7779973297990361,-0.0018498480000004314
crop_nitrogen_below_sp3,max,12,-23.603493757998336,-0.003699696000001751
crop_nitrogen_below_sp3,max,13,-22.07145446862884,-0.003699696000001751
crop_nitrogen_below_sp3,max,14,-21.566309000731714,-0.003699695999998198
crop_nitrogen_below_sp3,max,15,1.7713226837163356,-0.0036996959999999746
crop_nitrogen_below_sp3,max,16,-0.3957744365735678,-0.0036996959999999746
crop_nitrogen_below_sp3,max,17,-24.98987027947176,-0.003699696000001751
crop_nitrogen_below_sp3,max,18,-23.38300467017119,-0.003699696000001751
crop_nitrogen_below_sp3,max,19,-22.801377776863088,-0.003699696000001751
crop_nitrogen_below_sp3,max,20,-22.708041657129904,-0.003699696000001751
crop_nitrogen_below_sp3,max,21,1.3734205917041122,-0.0036996960000008627
crop_nitrogen_below_sp3,max,22,-30.87700288359029,-0.00554954400000085
crop_nitrogen_below_sp3,max,23,-27.579277049708818,-0.00554954400000085
crop_nitrogen_below_sp3,max,24,-26.024262279458753,-0.00554954400000085
crop_nitrogen_below_sp3,max,25,-25.32126647005147,-0.00554954400000085
crop_nitrogen_below_sp3,max,26,3.6869478845528234,-0.005549543999999962
crop_nitrogen_below_sp3,max,27,-34.45123197108963,-0.005549544000004403
crop_nitrogen_below_sp3,max,28,-30.057936865261443,-0.00554954400000085
crop_nitrogen_below_sp3,max,29,-27.797027959157685,-0.00554954400000085
crop_nitrogen_below_sp3,max,30,-26.568441351314497,-0.00554954400000085
crop_nitrogen_below_sp3,max,31,7.644826723880193,-0.00554954400000085
crop_nitrogen_below_sp3,max,32,-35.54381791110348,-0.010140530400001069
crop_nitrogen_below_sp3,max,33,-30.422740274541226,-0.010140530399997516
crop_nitrogen_below_sp3,max,34,-27.568594118083922,-0.010140530400001069
crop_nitrogen_below_sp3,max,35,97.56201086917056,-0.010140530399993963
crop_nitrogen_below_sp3,max,36,10.202898942822419,-0.010140530399999292
crop_nitrogen_below_sp3,max,37,-15.9897491509094,-0.010140530399999292
crop_nitrogen_below_sp3,max,38,-16.331326589060247,-0.010140530400001069
crop_nitrogen_below_sp3,max,39,-16.258371159901138,-0.010140530400001069
crop_nitrogen_below_sp3,max,40,-15.91042227544999,-0.010140530399999292
crop_nitrogen_below_sp3,max,41,18.120372651709285,-0.010140530399997516
crop_nitrogen_below_sp3,max,42,-25.768763006627633,-0.010140530400001069
crop_nitrogen_below_sp3,max,43,-19.939638571159126,-0.010140530399997516
crop_nitrogen_below_sp3,max,44,-16.498085705346536,-0.010140530400001069
crop_nitrogen_below_sp3,max,45,-14.242839951428232,-0.010140530399999292
crop_nitrogen_below_sp3,max,46,23.24900979550705,-0.010140530400001069
crop_nitrogen_below_sp3,max,47,-23.09050989472731,-0.010140530400001069
crop_nitrogen_below_sp3,max,48,-16.470124714933554,-0.010140530400001069
crop_nitrogen_below_sp3,max,49,-12.549861285062995,-0.010140530399999292
crop_nitrogen_below_sp3,max,50,-9.990762300878414,-0.010140530400001069
crop_nitrogen_below_sp3,max,total,-874.2945667862905,-0.30551080560007904
crop_carbon_above_sp16,min,1,-224.3853751904149,-0.06786558430164291
crop_carbon_above_sp16,min,2,19.05296855485876,0.025423572224671176
crop_carbon_above_sp16,min,3,-32.84732617603638,0.01164414575976025
crop_carbon_above_sp16,min,4,-25.25624320056298,0.006287421491066425
crop_carbon_above_sp16,min,5,-21.53038071047294,0.003554781119824213
crop_carbon_above_sp16,min,6,-2.9477727054013902,-0.0776994386379668
crop_carbon_above_sp16,min,7,-13.557583790976452,-0.04852816750706168
crop_carbon_above_sp16,min,8,-23.765344575716444,-0.035221602290452125
crop_carbon_above_sp16,min,9,-17.92195282435928,-0.02803815914878527
crop_carbon_above_sp16,min,10,-7.412910479964793,-0.023976734616168116
crop_carbon_above_sp16,min,11,-0.7976761236576375,-0.021528641858601816
crop_carbon_above_sp16,min,12,-23.619718148851018,-0.019924086852682876
crop_carbon_above_sp16,min,13,-22.08652344087346,-0.018768668244621978
crop_carbon_above_sp16,min,14,-21.580464830613444,-0.01785552588172834
crop_carbon_above_sp16,min,15,1.7579401544565627,-0.017082225259772876
crop_carbon_above_sp16,min,16,-0.40846468801807756,-0.016389947444509723
crop_carbon_above_sp16,min,17,-25.00192287356092,-0.01575229008916068
crop_carbon_above_sp16,min,18,-23.39445770548613,-0.015152731314941548
crop_carbon_above_sp16,min,19,-22.812258779612108,-0.014580698749021792
crop_carbon_above_sp16,min,20,-22.718378450575337,-0.014036489445434341
crop_carbon_above_sp16,min,21,1.3636046055477267,-0.013515682156386433
crop_carbon_above_sp16,min,22,-30.88446275594726,-0.013009416356972281
crop_carbon_above_sp16,min,23,-27.586254734236427,-0.01252722852760968
crop_carbon_above_sp16,min,24,-26.03077659972819,-0.012063864269435953
crop_carbon_above_sp16,min,25,-25.327330337489553,-0.011613411438084142
crop_carbon_above_sp16,min,26,3.6813129707010463,-0.011184457851777019
crop_carbon_above_sp16,min,27,-34.456450516262656,-0.010768089173026851
crop_carbon_above_sp16,min,28,-30.062756380816353,-0.010369059554911075
crop_carbon_above_sp16,min,29,-27.801465081639364,-0.009986666481680118
crop_carbon_above_sp16,min,30,-26.572507455376766,-0.009615648062268889
crop_carbon_above_sp16,min,31,7.64111915403726,-0.00925711384293404
crop_carbon_above_sp16,min,32,-35.54259142081357,-0.008914040110092003
crop_carbon_above_sp16,min,33,-30.42118353448691,-0.008583790345682019
crop_carbon_above_sp16,min,34,-27.5667161640563,-0.008262576372377595
crop_carbon_above_sp16,min,35,97.56419364986475,-0.007957749705809647
crop_carbon_above_sp16,min,36,10.205376726486593,-0.00766274673582501
crop_carbon_above_sp16,min,37,-15.986986081070512,-0.007377460561110993
crop_carbon_above_sp16,min,38,-16.328290230121684,-0.007104171461438824
crop_carbon_above_sp16,min,39,-16.25507186573766,-0.006841236236521553
crop_carbon_above_sp16,min,40,-15.90686854363143,-0.0065867985814396235
crop_carbon_above_sp16,min,41,18.124170630790196,-0.0063425513190864535
crop_carbon_above_sp16,min,42,-25.76472917142119,-0.006106695193558664
crop_carbon_above_sp16,min,43,-19.935379169863598,-0.005881129104469807
crop_carbon_above_sp16,min,44,-16.49360820922,-0.0056630342734642625
crop_carbon_above_sp16,min,45,-14.238152057064543,-0.005452636036309855
crop_carbon_above_sp16,min,46,23.253899621706097,-0.005250704200953749
crop_carbon_above_sp16,min,47,-23.08542522821696,-0.005055863889648293
crop_carbon_above_sp16,min,48,-16.46485273301366,-0.004868548480107648
crop_carbon_above_sp16,min,49,-12.544408647792158,-0.0046878931291622905
crop_carbon_above_sp16,min,50,-9.985134258468102,-0.0045124879896896175
crop_carbon_above_sp16,min,total,-874.6415698031794,-0.652513822489027
crop_carbon_above_sp16,max,1,-224.2496437479473,0.06786585816595903
crop_carbon_above_sp16,max,2,19.00212124868066,-0.025423733953431338
crop_carbon_above_sp16,max,3,-32.87061473339792,-0.01164441160177887
crop_carbon_above_sp16,max,4,-25.268818169978044,-0.006287547923996328
crop_carbon_above_sp16,max,5,-21.537490425943723,-0.0035549343509586606
crop_carbon_above_sp16,max,6,-2.7923734350856453,0.07769983167777816
crop_carbon_above_sp16,max,7,-13.460527438262595,0.048528185206794916
crop_carbon_above_sp16,max,8,-23.69490138822808,0.035221585197913186
crop_carbon_above_sp16,max,9,-17.865876484288446,0.02803818092204935
crop_carbon_above_sp16,max,10,-7.364956882930119,0.023976862418506606
crop_carbon_above_sp16,max,11,-0.7546187436464851,0.02152873815255063
crop_carbon_above_sp16,max,12,-23.57986946395781,0.019924598040525154
crop_carbon_above_sp16,max,13,-22.048986682219514,0.018768090409324145
crop_carbon_above_sp16,max,14,-21.54475279469714,0.017856510034576445
crop_carbon_above_sp16,max,15,1.7921042947348669,0.01708191501853129
crop_carbon_above_sp16,max,16,-0.3756832951379714,0.016391445435596452
crop_carbon_above_sp16,max,17,-24.9704193624026,0.01575122106915927
crop_carbon_above_sp16,max,18,-23.364152232163285,0.01515274200790273
crop_carbon_above_sp16,max,19,-22.783094395999566,0.014583684863520574
crop_carbon_above_sp16,max,20,-22.690305627770652,0.014036333359250364
crop_carbon_above_sp16,max,21,1.390632755225405,0.013512467521291871
crop_carbon_above_sp16,max,22,-30.858441386341624,0.013011953248664554
crop_carbon_above_sp16,max,23,-27.561198153031214,0.012529352677603356
crop_carbon_above_sp16,max,24,-26.00665038376477,0.012062351693980844
crop_carbon_above_sp16,max,25,-25.304100894373676,0.011616031677792904
crop_carbon_above_sp16,max,26,3.703680991873767,0.011183563320943612
crop_carbon_above_sp16,max,27,-34.43491269925358,0.010769727836049015
crop_carbon_above_sp16,max,28,-30.04201769822894,0.010369623032502773
crop_carbon_above_sp16,max,29,-27.781497025349992,0.009981389807691698
crop_carbon_above_sp16,max,30,-26.553277958766017,0.009613848548479353
crop_carbon_above_sp16,max,31,7.6596337816424125,0.009257513762218395
crop_carbon_above_sp16,max,32,-35.5247643050563,0.008913075647178914
crop_carbon_above_sp16,max,33,-30.40401597906966,0.008583765071570326
crop_carbon_above_sp16,max,34,-27.55018828485722,0.00826530282670035
crop_carbon_above_sp16,max,35,97.58010937987659,0.007957980306031232
crop_carbon_above_sp16,max,36,10.220701814504483,0.0076623412820655545
crop_carbon_above_sp16,max,37,-15.972230433522052,0.007378186987349267
crop_carbon_above_sp16,max,38,-16.31408093958856,0.007105119071685095
crop_carbon_above_sp16,max,39,-16.24138952177365,0.006841107727485252
crop_carbon_above_sp16,max,40,-15.89369482410007,0.006586920949921193
crop_carbon_above_sp16,max,41,18.13685542688691,0.00634224477762757
crop_carbon_above_sp16,max,42,-25.752514422010325,0.006108054217307313
crop_carbon_above_sp16,max,43,-19.92361709549955,0.00588094525957672
crop_carbon_above_sp16,max,44,-16.48228308683589,0.005662088110646835
crop_carbon_above_sp16,max,45,-14.227246787557013,0.0054526334712203806
crop_carbon_above_sp16,max,46,23.264400808540067,0.005250482633016418
crop_carbon_above_sp16,max,47,-23.075314200518697,0.005055163808613372
crop_carbon_above_sp16,max,48,-16.45511654057206,0.004867643961492973
crop_carbon_above_sp16,max,49,-12.535032970192871,0.004687784470124967
crop_carbon_above_sp16,max,50,-9.976107864953589,0.004513905524824224
crop_carbon_above_sp16,max,total,-873.3365382573091,0.6525177233812656
crop_carbon_below_sp16,min,1,-224.31750960902522,-2.911974661401473e-09
crop_carbon_below_sp16,min,2,19.027544976086364,-6.547725917016578e-09
crop_carbon_below_sp16,min,3,-32.8589702738349,4.7961243865302094e-08
crop_carbon_below_sp16,min,4,-25.262530734790868,-1.127368207676227e-07
crop_carbon_below_sp16,min,5,-21.533935569540546,-7.794778156267057e-08
crop_carbon_below_sp16,min,6,-2.9108076313786446,-0.040734364615221175
crop_carbon_below_sp16,min,7,-13.534530148155277,-0.025474524685886735
crop_carbon_below_sp16,min,8,-23.748608386479933,-0.018485413053941357
crop_carbon_below_sp16,min,9,-17.90862619480055,-0.014711529590055505
crop_carbon_below_sp16,min,10,-7.401511638908133,-0.012577893559507558
crop_carbon_below_sp16,min,11,-0.7874394870115089,-0.0112920052124732
crop_carbon_below_sp16,min,12,-23.610243450801207,-0.01044938880287205
crop_carbon_below_sp16,min,13,-22.077597143355494,-0.009842370726655503
crop_carbon_below_sp16,min,14,-21.5719726339242,-0.009363329192485281
crop_carbon_below_sp16,min,15,1.7660639334511794,-0.008958446265156184
crop_carbon_below_sp16,min,16,-0.40066926122953994,-0.008594520655972104
crop_carbon_below_sp16,min,17,-24.994431883119102,-0.008261299647344345
crop_carbon_below_sp16,min,18,-23.387250377926105,-0.007945403754916924
crop_carbon_below_sp16,min,19,-22.805323346933875,-0.007645266070788637
crop_carbon_below_sp16,min,20,-22.711704312204656,-0.0073623510747538035
crop_carbon_below_sp16,min,21,1.370033144556694,-0.007087143147419095
crop_carbon_below_sp16,min,22,-30.878275844720317,-0.006822505130028134
crop_carbon_below_sp16,min,23,-27.58029731373743,-0.006569808028611845
crop_carbon_below_sp16,min,24,-26.025039551376135,-0.006326815917383044
crop_carbon_below_sp16,min,25,-25.321808339947157,-0.006091413895688902
crop_carbon_below_sp16,min,26,3.686632108821117,-0.005865319731706453
crop_carbon_below_sp16,min,27,-34.45132929814316,-0.005646871053528457
crop_carbon_below_sp16,min,28,-30.05782489302053,-0.005437571759088655
crop_carbon_below_sp16,min,29,-27.796716657527057,-0.00523824236937287
crop_carbon_below_sp16,min,30,-26.567933809862797,-0.0050420025483006725
crop_carbon_below_sp16,min,31,7.645521698218755,-0.004854569661438823
crop_carbon_below_sp16,min,32,-35.53835237817076,-0.004674997467276398
crop_carbon_below_sp16,min,33,-30.417100010570586,-0.004500266429356969
crop_carbon_below_sp16,min,34,-27.562788220429635,-0.004334632745713662
crop_carbon_below_sp16,min,35,97.56797912318409,-0.004172276386469775
crop_carbon_below_sp16,min,36,10.209020762388407,-0.004018710834010619
crop_carbon_below_sp16,min,37,-15.983478442258413,-0.003869821749011848
crop_carbon_below_sp16,min,38,-16.324911755179198,-0.0037256965189520486
crop_carbon_below_sp16,min,39,-16.251818770715545,-0.0035881412144078695
crop_carbon_below_sp16,min,40,-15.903736254747907,-0.0034545096979154977
crop_carbon_below_sp16,min,41,18.127187532236746,-0.0033256498725364736
crop_carbon_below_sp16,min,42,-25.76182370135151,-0.003201225123877549
crop_carbon_below_sp16,min,43,-19.932582162185952,-0.0030841214268235717
crop_carbon_below_sp16,min,44,-16.490915260709492,-0.0029700857629570976
crop_carbon_below_sp16,min,45,-14.235559180773716,-0.002859759745483359
crop_carbon_below_sp16,min,46,23.256396811001757,-0.0027535149052937413
crop_carbon_below_sp16,min,47,-23.083020155281343,-0.0026507909540320895
crop_carbon_below_sp16,min,48,-16.462537440709472,-0.0025532561759185057
crop_carbon_below_sp16,min,49,-12.542178743126849,-0.0024579884638527005
crop_carbon_below_sp16,min,50,-9.98298862376421,-0.0023668532857978875
crop_carbon_below_sp16,min,total,-874.3202988017839,-0.3312428210934968
crop_carbon_below_sp16,max,1,-224.31750944892414,1.571891061757924e-07
crop_carbon_below_sp16,max,2,19.027544923602985,-5.903110533722611e-08
crop_carbon_below_sp16,max,3,-32.858970448228504,-1.2643236146914205e-07
crop_carbon_below_sp16,max,4,-25.262530711503604,-8.94495570946674e-08
crop_carbon_below_sp16,max,5,-21.533935506324354,-1.4731590169958508e-08
crop_carbon_below_sp16,max,6,-2.829338771159396,0.04073449560402764
crop_carbon_below_sp16,max,7,-13.483581132240857,0.025474491228532514
crop_carbon_below_sp16,max,8,-23.71163751194417,0.018485461481823506
crop_carbon_below_sp16,max,9,-17.87920307173468,0.014711593475816187
crop_carbon_below_sp16,max,10,-7.376355652574841,0.012578092773784633
crop_carbon_below_sp16,max,11,-0.7648555108603214,0.011291970938714257
crop_carbon_below_sp16,max,12,-23.589344028293986,0.010450033704348272
crop_carbon_below_sp16,max,13,-22.057911616506278,0.00984315612256026
crop_carbon_below_sp16,max,14,-21.553244530696652,0.009364774035063306
crop_carbon_below_sp16,max,15,1.783979733725686,0.008957354009350382
crop_carbon_below_sp16,max,16,-0.38347734238045916,0.008597398193108674
crop_carbon_below_sp16,max,17,-24.97791156285819,0.008259020613568424
crop_carbon_below_sp16,max,18,-23.371358969929386,0.00794600424180203
crop_carbon_below_sp16,max,19,-22.790030769815772,0.007647311047314531
crop_carbon_below_sp16,max,20,-22.696980988770218,0.007360972359684581
crop_carbon_below_sp16,max,21,1.3842057541264823,0.00708546642236918
crop_carbon_below_sp16,max,22,-30.86462912905688,0.006824210533409314
crop_carbon_below_sp16,max,23,-27.56715637712975,0.006571128579068386
crop_carbon_below_sp16,max,24,-26.012387250386077,0.006325485072675718
crop_carbon_below_sp16,max,25,-25.30962503845262,0.006091887598849155
crop_carbon_below_sp16,max,26,3.6983614239360736,0.00586399538325022
crop_carbon_below_sp16,max,27,-34.44003550125868,0.005646925830951943
crop_carbon_below_sp16,max,28,-30.04694853160513,0.005438789656313503
crop_carbon_below_sp16,max,29,-27.78624568502815,0.005232730129534957
crop_carbon_below_sp16,max,30,-26.557850084826736,0.00504172248776058
crop_carbon_below_sp16,max,31,7.655231652939389,0.00485538505919525
crop_carbon_below_sp16,max,32,-35.52900331348856,0.0046740672149212514
crop_carbon_below_sp16,max,33,-30.40809790679098,0.004501837350247229
crop_carbon_below_sp16,max,34,-27.55412015919905,0.004333428484869728
crop_carbon_below_sp16,max,35,97.57632509459853,0.0041736950279727125
crop_carbon_below_sp16,max,36,10.2170586494489,0.0040191762264818465
crop_carbon_below_sp16,max,37,-15.975740203708082,0.003868416801319441
crop_carbon_below_sp16,max,38,-16.31746064719962,0.0037254114606248834
crop_carbon_below_sp16,max,39,-16.24464292358224,0.0035877059188962335
crop_carbon_below_sp16,max,40,-15.8968281399566,0.003453605093390877
crop_carbon_below_sp16,max,41,18.13383971537284,0.003326533263557252
crop_carbon_below_sp16,max,42,-25.755418583042175,0.0032038931854572184
crop_carbon_below_sp16,max,43,-19.926413597274554,0.003084443484574706
crop_carbon_below_sp16,max,44,-16.484975714340433,0.002969460606102814
crop_carbon_below_sp16,max,45,-14.229839988868624,0.002859432159608488
crop_carbon_below_sp16,max,46,23.261904073280114,0.00275374737306322
crop_carbon_below_sp16,max,47,-23.077718688069414,0.0026506762578968335
crop_carbon_below_sp16,max,48,-16.457431474685933,0.002552709847620349
crop_carbon_below_sp16,max,49,-12.537262865430025,0.002457889232971411
crop_carbon_below_sp16,max,50,-9.97825438212716,0.0023673883512529414
crop_carbon_below_sp16,max,total,-873.6578127392223,0.33124324146808704
crop_intercept_sp16,min,1,-224.0717661348157,0.24574347129754415
crop_intercept_sp16,min,2,18.94298470446792,-0.08456027816616896
crop_intercept_sp16,min,3,-32.89769970766091,-0.03872938586476948
crop_intercept_sp16,min,4,-25.283442886991708,-0.020912264937660296
crop_intercept_sp16,min,5,-21.54575895788408,-0.011823466291314588
crop_intercept_sp16,min,6,-2.545779870067749,0.3242933966956745
crop_intercept_sp16,min,7,-13.312428398820156,0.19662722464923377
crop_intercept_sp16,min,8,-23.591787517077435,0.13833545634855682
crop_intercept_sp16,min,9,-17.787049083379394,0.10686558183110151
crop_intercept_sp16,min,10,-7.299860694518394,0.08907305083023154
crop_intercept_sp16,min,11,-0.6977989093409831,0.0783485724580526
crop_intercept_sp16,min,12,-23.52847288574894,0.07132117624939482
crop_intercept_sp16,min,13,-22.001497104793202,0.06625766783563591
crop_intercept_sp16,min,14,-21.500345925102305,0.06226337962941031
crop_intercept_sp16,min,15,1.8338943829570233,0.058872003240687754
crop_intercept_sp16,min,16,-0.3362312381940331,0.055843502379534726
crop_intercept_sp16,min,17,-24.933123889709485,0.05304669376227267
crop_intercept_sp16,min,18,-23.328882840639025,0.050422133532162405
crop_intercept_sp16,min,19,-22.749752708965573,0.047925371897513
crop_intercept_sp16,min,20,-22.658806230483496,0.04553573064640659
crop_intercept_sp16,min,21,1.4203667193683276,0.04324643166421449
crop_intercept_sp16,min,22,-30.83040565091709,0.04104768867319919
crop_intercept_sp16,min,23,-27.534797250996775,0.038930254712042256
crop_intercept_sp16,min,24,-25.98182179661878,0.036890938839970744
crop_intercept_sp16,min,25,-25.280784497850025,0.0349324282014436
crop_intercept_sp16,min,26,3.7255402845154753,0.033042855962651885
crop_intercept_sp16,min,27,-34.414454888834996,0.031227538254633203
crop_intercept_sp16,min,28,-30.022910034551725,0.029477286709717276
crop_intercept_sp16,min,29,-27.763687819446467,0.02779059571121678
crop_intercept_sp16,min,30,-26.536721462356436,0.02617034495806081
crop_intercept_sp16,min,31,7.674984023416352,0.024607755536157683
crop_intercept_sp16,min,32,-35.51057376187113,0.023103618832351458
crop_intercept_sp16,min,33,-30.390943423144456,0.021656320996772394
crop_intercept_sp16,min,34,-27.53819199212799,0.020261595555929546
crop_intercept_sp16,min,35,97.59107066945592,0.018919269885358858
crop_intercept_sp16,min,36,10.230664011752094,0.017624538529675604
crop_intercept_sp16,min,37,-15.96322889516037,0.016379725349031204
crop_intercept_sp16,min,38,-16.30600416212165,0.015181896538596362
crop_intercept_sp16,min,39,-16.23420355324524,0.014027076255896276
crop_intercept_sp16,min,40,-15.887366195681151,0.012915549368839763
crop_intercept_sp16,min,41,18.14235982332354,0.011846641214258824
crop_intercept_sp16,min,42,-25.747806975820083,0.010815500407549195
crop_intercept_sp16,min,43,-19.919675209771345,0.009822830987783249
crop_intercept_sp16,min,44,-16.47907895107497,0.008866223871564216
crop_intercept_sp16,min,45,-14.224753292494247,0.007946128533985686
crop_intercept_sp16,min,46,23.266210996110434,0.007060670203383523
crop_intercept_sp16,min,47,-23.074162029214598,0.006207335112712542
crop_intercept_sp16,min,48,-16.454598402832225,0.005385781701328085
crop_intercept_sp16,min,49,-12.53512550836314,0.0045952462998553045
crop_intercept_sp16,min,50,-9.976787705920843,0.0038340645575694055
crop_intercept_sp16,min,total,-871.8504928292413,2.138563151449148
crop_intercept_sp16,max,1,-224.00709672102008,0.31041288509317155
crop_intercept_sp16,max,2,18.920731755771673,-0.10681322686241757
crop_intercept_sp16,max,3,-32.90789156850287,-0.04892124670672615
crop_intercept_sp16,max,4,-25.288946071052273,-0.026415448998225344
crop_intercept_sp16,max,5,-21.54887035607451,-0.01493486448174508
crop_intercept_sp16,max,6,-2.460439416762118,0.40963385000130526
crop_intercept_sp16,max,7,-13.26068450792971,0.24837111553967972
crop_intercept_sp16,max,8,-23.555383391302236,0.17473958212375607
crop_intercept_sp16,max,9,-17.758926533347832,0.1349881318626629
crop_intercept_sp16,max,10,-7.276420263703624,0.11251348164500108
crop_intercept_sp16,max,11,-0.6771810805177485,0.0989664012812872
crop_intercept_sp16,max,12,-23.509704195986934,0.09008986601140023
crop_intercept_sp16,max,13,-21.984061210845685,0.08369356178315357
crop_intercept_sp16,max,14,-21.483960857077214,0.0786484476545013
crop_intercept_sp16,max,15,1.8493865278992976,0.074364148182962
crop_intercept_sp16,max,16,-0.32153460104709275,0.07054013952647509
crop_intercept_sp16,max,17,-24.91916350202859,0.06700708144316891
crop_intercept_sp16,max,18,-23.315614480224887,0.06369049394630011
crop_intercept_sp16,max,19,-22.737140256027505,0.06053782483558123
crop_intercept_sp16,max,20,-22.64682297446422,0.05751898666568067
crop_intercept_sp16,max,21,1.431747428828472,0.05462714112435885
crop_intercept_sp16,max,22,-30.819603654608187,0.05184968498210196
crop_intercept_sp16,max,23,-27.524553353376966,0.04917415233185096
crop_intercept_sp16,max,24,-25.97211308171333,0.046599653745420966
crop_intercept_sp16,max,25,-25.271591459270162,0.044125466781306244
crop_intercept_sp16,max,26,3.734237034823223,0.04173960627039941
crop_intercept_sp16,max,27,-34.40623735055496,0.039445076534669
crop_intercept_sp16,max,28,-30.015151818339376,0.03723550292206568
crop_intercept_sp16,max,29,-27.756373881885033,0.035104533272651395
crop_intercept_sp16,max,30,-26.529835524636386,0.03305628267811045
crop_intercept_sp16,max,31,7.68146088282762,0.031084614947426203
crop_intercept_sp16,max,32,-35.50449337162798,0.029184009075500228
crop_intercept_sp16,max,33,-30.38524548892246,0.027354255218767776
crop_intercept_sp16,max,34,-27.532860028033994,0.025593559649927045
crop_intercept_sp16,max,35,97.59604876612525,0.023897366554692212
crop_intercept_sp16,max,36,10.235302855501953,0.022263382279534838
crop_intercept_sp16,max,37,-15.958918881632021,0.020689738877379682
crop_intercept_sp16,max,38,-16.302009829123016,0.019176229537229972
crop_intercept_sp16,max,39,-16.2305128579091,0.017717771592035803
crop_intercept_sp16,max,40,-15.88396803836611,0.016313706683881435
crop_intercept_sp16,max,41,18.145476008186286,0.014962826077002944
crop_intercept_sp16,max,42,-25.744961520148827,0.013660956078805242
crop_intercept_sp16,max,43,-19.917091377383603,0.01240666337552554
crop_intercept_sp16,max,44,-16.476745113018264,0.011200061928271055
crop_intercept_sp16,max,45,-14.222661414521605,0.010038006506627895
crop_intercept_sp16,max,46,23.268069698918175,0.008919373011124776
crop_intercept_sp16,max,47,-23.072528052792755,0.007841311534555473
crop_intercept_sp16,max,48,-16.453180540487995,0.006803644045557888
crop_intercept_sp16,max,49,-12.533915572822217,0.005805181840779383
crop_intercept_sp16,max,50,-9.975779626749807,0.004842143728605919
crop_intercept_sp16,max,total,-871.2877128669573,2.70134311373306
crop_nitrogen_above_sp16,min,1,-224.31459331773823,0.002916288375018894
crop_nitrogen_above_sp16,min,2,19.02754498263409,0.0
crop_nitrogen_above_sp16,min,3,-32.85897032179614,0.0
crop_nitrogen_above_sp16,min,4,-25.262530622054047,0.0
crop_nitrogen_above_sp16,min,5,-21.533935491592764,0.0
crop_nitrogen_above_sp16,min,6,-2.8666423392634233,0.0034309275000001804
crop_nitrogen_above_sp16,min,7,-13.505624695969388,0.003430927500001957
crop_nitrogen_above_sp16,min,8,-23.726692045925994,0.003430927499998404
crop_nitrogen_above_sp16,min,9,-17.890483737710497,0.003430927499998404
crop_nitrogen_above_sp16,min,10,-7.385502817848625,0.0034309275000001804
crop_nitrogen_above_sp16,min,11,-0.7727165542990355,0.0034309275000001804
crop_nitrogen_above_sp16,min,12,-23.596363134498336,0.003430927499998404
crop_nitrogen_above_sp16,min,13,-22.06432384512884,0.003430927499998404
crop_nitrogen_above_sp16,min,14,-21.559178377231717,0.003430927499998404
crop_nitrogen_above_sp16,min,15,1.7784533072163358,0.0034309275000001804
crop_nitrogen_above_sp16,min,16,-0.38864381307356854,0.0034309274999992923
crop_nitrogen_above_sp16,min,17,-24.98273965597176,0.003430927499998404
crop_nitrogen_above_sp16,min,18,-23.37587404667119,0.003430927499998404
crop_nitrogen_above_sp16,min,19,-22.794247153363088,0.003430927499998404
crop_nitrogen_above_sp16,min,20,-22.7009110336299,0.003430927500001957
crop_nitrogen_above_sp16,min,21,1.3805512152041128,0.0034309274999997363
crop_nitrogen_above_sp16,min,22,-30.86802241209029,0.003430927499998404
crop_nitrogen_above_sp16,min,23,-27.57029657820882,0.003430927499998404
crop_nitrogen_above_sp16,min,24,-26.015281807958754,0.003430927499998404
crop_nitrogen_above_sp16,min,25,-25.31228599855147,0.003430927499998404
crop_nitrogen_above_sp16,min,26,3.695928356052823,0.0034309274999997363
crop_nitrogen_above_sp16,min,27,-34.44225149958963,0.003430927499998404
crop_nitrogen_above_sp16,min,28,-30.048956393761443,0.003430927499998404
crop_nitrogen_above_sp16,min,29,-27.788047487657686,0.003430927499998404
crop_nitrogen_above_sp16,min,30,-26.559460879814498,0.003430927499998404
crop_nitrogen_above_sp16,min,31,7.653807195380193,0.0034309274999992923
crop_nitrogen_above_sp16,min,32,-35.53024645320348,0.003430927499998404
crop_nitrogen_above_sp16,min,33,-30.409168816641227,0.003430927500001957
crop_nitrogen_above_sp16,min,34,-27.555022660183923,0.003430927499998404
crop_nitrogen_above_sp16,min,35,97.57558232707056,0.0034309275000055095
crop_nitrogen_above_sp16,min,36,10.216470400722418,0.0034309275000001804
crop_nitrogen_above_sp16,min,37,-15.9761776930094,0.0034309275000001804
crop_nitrogen_above_sp16,min,38,-16.317755131160244,0.003430927500001957
crop_nitrogen_above_sp16,min,39,-16.24479970200114,0.003430927499998404
crop_nitrogen_above_sp16,min,40,-15.896850817549991,0.0034309275000001804
crop_nitrogen_above_sp16,min,41,18.133944109609285,0.003430927500001957
crop_nitrogen_above_sp16,min,42,-25.75519154872763,0.003430927500001957
crop_nitrogen_above_sp16,min,43,-19.926067113259126,0.003430927500001957
crop_nitrogen_above_sp16,min,44,-16.484514247446537,0.003430927499998404
crop_nitrogen_above_sp16,min,45,-14.229268493528233,0.0034309275000001804
crop_nitrogen_above_sp16,min,46,23.26258125340705,0.003430927499998404
crop_nitrogen_above_sp16,min,47,-23.076938436827312,0.003430927499998404
crop_nitrogen_above_sp16,min,48,-16.45655325703355,0.003430927500001957
crop_nitrogen_above_sp16,min,49,-12.536289827162996,0.0034309275000001804
crop_nitrogen_above_sp16,min,50,-9.977190842978413,0.0034309275000001804
crop_nitrogen_above_sp16,min,total,-873.8317479548156,0.1573080258748405
crop_nitrogen_above_sp16,max,1,-224.32042589448824,-0.0029162883749904722
crop_nitrogen_above_sp16,max,2,19.027544982634094,3.552713678800501e-15
crop_nitrogen_above_sp16,max,3,-32.85897032179614,0.0
crop_nitrogen_above_sp16,max,4,-25.262530622054047,0.0
crop_nitrogen_above_sp16,max,5,-21.533935491592764,0.0
crop_nitrogen_above_sp16,max,6,-2.8735041942634236,-0.0034309275000001804
crop_nitrogen_above_sp16,max,7,-13.512486550969388,-0.003430927499998404
crop_nitrogen_above_sp16,max,8,-23.73355390092599,-0.003430927499998404
crop_nitrogen_above_sp16,max,9,-17.897345592710494,-0.003430927499998404
crop_nitrogen_above_sp16,max,10,-7.392364672848625,-0.0034309275000001804
crop_nitrogen_above_sp16,max,11,-0.7795784092990359,-0.0034309275000001804
crop_nitrogen_above_sp16,max,12,-23.603224989498337,-0.003430927500001957
crop_nitrogen_above_sp16,max,13,-22.07118570012884,-0.003430927500001957
crop_nitrogen_above_sp16,max,14,-21.566040232231718,-0.003430927500001957
crop_nitrogen_above_sp16,max,15,1.7715914522163354,-0.0034309275000001804
crop_nitrogen_above_sp16,max,16,-0.395505668073568,-0.0034309275000001804
crop_nitrogen_above_sp16,max,17,-24.98960151097176,-0.003430927500001957
crop_nitrogen_above_sp16,max,18,-23.38273590167119,-0.003430927500001957
crop_nitrogen_above_sp16,max,19,-22.801109008363085,-0.003430927499998404
crop_nitrogen_above_sp16,max,20,-22.7077728886299,-0.003430927499998404
crop_nitrogen_above_sp16,max,21,1.373689360204113,-0.0034309275000001804
crop_nitrogen_above_sp16,max,22,-30.874884267090287,-0.003430927499998404
crop_nitrogen_above_sp16,max,23,-27.57715843320882,-0.003430927500001957
crop_nitrogen_above_sp16,max,24,-26.022143662958754,-0.003430927500001957
crop_nitrogen_above_sp16,max,25,-25.31914785355147,-0.003430927500001957
crop_nitrogen_above_sp16,max,26,3.689066501052823,-0.0034309275000001804
crop_nitrogen_above_sp16,max,27,-34.449113354589635,-0.0034309275000055095
crop_nitrogen_above_sp16,max,28,-30.05581824876144,-0.003430927499998404
crop_nitrogen_above_sp16,max,29,-27.794909342657686,-0.003430927500001957
crop_nitrogen_above_sp16,max,30,-26.5663227348145,-0.003430927500001957
crop_nitrogen_above_sp16,max,31,7.646945340380194,-0.0034309275000001804
crop_nitrogen_above_sp16,max,32,-35.537108308203486,-0.0034309275000055095
crop_nitrogen_above_sp16,max,33,-30.416030671641227,-0.003430927499998404
crop_nitrogen_above_sp16,max,34,-27.56188451518392,-0.003430927499998404
crop_nitrogen_above_sp16,max,35,97.56872047207057,-0.0034309274999912986
crop_nitrogen_above_sp16,max,36,10.209608545722418,-0.0034309275000001804
crop_nitrogen_above_sp16,max,37,-15.983039548009401,-0.0034309275000001804
crop_nitrogen_above_sp16,max,38,-16.324616986160244,-0.003430927499998404
crop_nitrogen_above_sp16,max,39,-16.25166155700114,-0.003430927500001957
crop_nitrogen_above_sp16,max,40,-15.90371267254999,-0.003430927499998404
crop_nitrogen_above_sp16,max,41,18.127082254609284,-0.003430927499998404
crop_nitrogen_above_sp16,max,42,-25.76205340372763,-0.003430927499998404
crop_nitrogen_above_sp16,max,43,-19.932928968259127,-0.003430927499998404
crop_nitrogen_above_sp16,max,44,-16.491376102446537,-0.003430927500001957
crop_nitrogen_above_sp16,max,45,-14.236130348528231,-0.003430927499998404
crop_nitrogen_above_sp16,max,46,23.25571939840705,-0.003430927500001957
crop_nitrogen_above_sp16,max,47,-23.083800291827313,-0.003430927500001957
crop_nitrogen_above_sp16,max,48,-16.46341511203355,-0.003430927499998404
crop_nitrogen_above_sp16,max,49,-12.543151682162996,-0.0034309275000001804
crop_nitrogen_above_sp16,max,50,-9.984052697978413,-0.0034309275000001804
crop_nitrogen_above_sp16,max,total,-874.1463640065655,-0.15730802587506787
crop_nitrogen_below_sp16,min,1,-224.31750960611325,0.0
crop_nitrogen_below_sp16,min,2,19.02754498263409,0.0
crop_nitrogen_below_sp16,min,3,-32.85897032179614,0.0
crop_nitrogen_below_sp16,min,4,-25.262530622054044,3.552713678800501e-15
crop_nitrogen_below_sp16,min,5,-21.533935491592764,0.0
crop_nitrogen_below_sp16,min,6,-2.8678227284734232,0.0022505382900002147
crop_nitrogen_below_sp16,min,7,-13.506805085179389,0.002250538290001103
crop_nitrogen_below_sp16,min,8,-23.727872435135993,0.0022505382899993265
crop_nitrogen_below_sp16,min,9,-17.891664126920496,0.0022505382899993265
crop_nitrogen_below_sp16,min,10,-7.386683207058626,0.0022505382899993265
crop_nitrogen_below_sp16,min,11,-0.7738969435090355,0.0022505382900002147
crop_nitrogen_below_sp16,min,12,-23.597543523708335,0.0022505382899993265
crop_nitrogen_below_sp16,min,13,-22.06550423433884,0.0022505382899993265
crop_nitrogen_below_sp16,min,14,-21.560358766441716,0.0022505382899993265
crop_nitrogen_below_sp16,min,15,1.7772729180063358,0.0022505382900002147
crop_nitrogen_below_sp16,min,16,-0.3898242022835685,0.0022505382899993265
crop_nitrogen_below_sp16,min,17,-24.98392004518176,0.0022505382899993265
crop_nitrogen_below_sp16,min,18,-23.37705443588119,0.0022505382899993265
crop_nitrogen_below_sp16,min,19,-22.795427542573087,0.0022505382899993265
crop_nitrogen_below_sp16,min,20,-22.702091422839903,0.0022505382899993265
crop_nitrogen_below_sp16,min,21,1.3793708259941129,0.0022505382899997706
crop_nitrogen_below_sp16,min,22,-30.86920280130029,0.0022505382899993265
crop_nitrogen_below_sp16,min,23,-27.571476967418818,0.0022505382899993265
crop_nitrogen_below_sp16,min,24,-26.016462197168753,0.0022505382899993265
crop_nitrogen_below_sp16,min,25,-25.31346638776147,0.0022505382899993265
crop_nitrogen_below_sp16,min,26,3.694747966842823,0.0022505382899997706
crop_nitrogen_below_sp16,min,27,-34.44343188879963,0.0022505382899993265
crop_nitrogen_below_sp16,min,28,-30.050136782971443,0.0022505382899993265
crop_nitrogen_below_sp16,min,29,-27.789227876867685,0.0022505382899993265
crop_nitrogen_below_sp16,min,30,-26.560641269024497,0.0022505382899993265
crop_nitrogen_below_sp16,min,31,7.652626806170193,0.0022505382899993265
crop_nitrogen_below_sp16,min,32,-35.53142684241348,0.0022505382899993265
crop_nitrogen_below_sp16,min,33,-30.410349205851226,0.002250538290002879
crop_nitrogen_below_sp16,min,34,-27.556203049393922,0.0022505382899993265
crop_nitrogen_below_sp16,min,35,97.57440193786056,0.0022505382899993265
crop_nitrogen_below_sp16,min,36,10.215290011512419,0.002250538290001103
crop_nitrogen_below_sp16,min,37,-15.9773580822194,0.002250538290001103
crop_nitrogen_below_sp16,min,38,-16.318935520370246,0.0022505382899993265
crop_nitrogen_below_sp16,min,39,-16.245980091211138,0.0022505382899993265
crop_nitrogen_below_sp16,min,40,-15.89803120675999,0.002250538290001103
crop_nitrogen_below_sp16,min,41,18.132763720399282,0.0022505382899993265
crop_nitrogen_below_sp16,min,42,-25.756371937937633,0.0022505382899993265
crop_nitrogen_below_sp16,min,43,-19.927247502469125,0.002250538290002879
crop_nitrogen_below_sp16,min,44,-16.485694636656536,0.0022505382899993265
crop_nitrogen_below_sp16,min,45,-14.230448882738232,0.002250538290001103
crop_nitrogen_below_sp16,min,46,23.26140086419705,0.0022505382899993265
crop_nitrogen_below_sp16,min,47,-23.07811882603731,0.0022505382899993265
crop_nitrogen_below_sp16,min,48,-16.457733646243554,0.0022505382899993265
crop_nitrogen_below_sp16,min,49,-12.537470216372995,0.002250538290001103
crop_nitrogen_below_sp16,min,50,-9.978371232188413,0.0022505382899993265
crop_nitrogen_below_sp16,min,total,-873.8877817576405,0.10127422304992706
crop_nitrogen_below_sp16,max,1,-224.31750960611325,0.0
crop_nitrogen_below_sp16,max,2,19.02754498263409,0.0
crop_nitrogen_below_sp16,max,3,-32.85897032179614,0.0
crop_nitrogen_below_sp16,max,4,-25.262530622054047,0.0
crop_nitrogen_below_sp16,max,5,-21.533935491592764,0.0
crop_nitrogen_below_sp16,max,6,-2.8723238050534237,-0.0022505382900002147
crop_nitrogen_below_sp16,max,7,-13.51130616175939,-0.0022505382899993265
crop_nitrogen_below_sp16,max,8,-23.73237351171599,-0.0022505382899993265
crop_nitrogen_below_sp16,max,9,-17.896165203500495,-0.0022505382899993265
crop_nitrogen_below_sp16,max,10,-7.391184283638626,-0.002250538290001103
crop_nitrogen_below_sp16,max,11,-0.7783980200890359,-0.0022505382900002147
crop_nitrogen_below_sp16,max,12,-23.602044600288338,-0.002250538290002879
crop_nitrogen_below_sp16,max,13,-22.070005310918837,-0.0022505382899993265
crop_nitrogen_below_sp16,max,14,-21.564859843021715,-0.0022505382899993265
crop_nitrogen_below_sp16,max,15,1.7727718414263354,-0.0022505382900002147
crop_nitrogen_below_sp16,max,16,-0.39432527886356805,-0.0022505382900002147
crop_nitrogen_below_sp16,max,17,-24.98842112176176,-0.002250538290002879
crop_nitrogen_below_sp16,max,18,-23.38155551246119,-0.002250538290002879
crop_nitrogen_below_sp16,max,19,-22.799928619153086,-0.0022505382899993265
crop_nitrogen_below_sp16,max,20,-22.7065924994199,-0.0022505382899993265
crop_nitrogen_below_sp16,max,21,1.3748697494141129,-0.0022505382900002147
crop_nitrogen_below_sp16,max,22,-30.87370387788029,-0.0022505382899993265
crop_nitrogen_below_sp16,max,23,-27.575978043998816,-0.0022505382899993265
crop_nitrogen_below_sp16,max,24,-26.020963273748755,-0.002250538290002879
crop_nitrogen_below_sp16,max,25,-25.31796746434147,-0.002250538290002879
crop_nitrogen_below_sp16,max,26,3.690246890262823,-0.0022505382900002147
crop_nitrogen_below_sp16,max,27,-34.44793296537963,-0.0022505382899993265
crop_nitrogen_below_sp16,max,28,-30.05463785955144,-0.0022505382899993265
crop_nitrogen_below_sp16,max,29,-27.793728953447683,-0.0022505382899993265
crop_nitrogen_below_sp16,max,30,-26.5651423456045,-0.002250538290002879
crop_nitrogen_below_sp16,max,31,7.648125729590193,-0.002250538290001103
crop_nitrogen_below_sp16,max,32,-35.53592791899348,-0.0022505382899993265
crop_nitrogen_below_sp16,max,33,-30.414850282431228,-0.0022505382899993265
crop_nitrogen_below_sp16,max,34,-27.56070412597392,-0.0022505382899993265
crop_nitrogen_below_sp16,max,35,97.56990086128056,-0.0022505382899993265
crop_nitrogen_below_sp16,max,36,10.210788934932419,-0.0022505382899993265
crop_nitrogen_below_sp16,max,37,-15.9818591587994,-0.0022505382899993265
crop_nitrogen_below_sp16,max,38,-16.323436596950245,-0.0022505382899993265
crop_nitrogen_below_sp16,max,39,-16.250481167791136,-0.0022505382899993265
crop_nitrogen_below_sp16,max,40,-15.90253228333999,-0.0022505382899993265
crop_nitrogen_below_sp16,max,41,18.128262643819284,-0.0022505382899993265
crop_nitrogen_below_sp16,max,42,-25.76087301451763,-0.0022505382899993265
crop_nitrogen_below_sp16,max,43,-19.931748579049128,-0.0022505382899993265
crop_nitrogen_below_sp16,max,44,-16.490195713236535,-0.0022505382899993265
crop_nitrogen_below_sp16,max,45,-14.234949959318232,-0.0022505382899993265
crop_nitrogen_below_sp16,max,46,23.25689978761705,-0.0022505382899993265
crop_nitrogen_below_sp16,max,47,-23.08261990261731,-0.0022505382899993265
crop_nitrogen_below_sp16,max,48,-16.462234722823553,-0.0022505382899993265
crop_nitrogen_below_sp16,max,49,-12.541971292952995,-0.0022505382899993265
crop_nitrogen_below_sp16,max,50,-9.982872308768414,-0.002250538290001103
crop_nitrogen_below_sp16,max,total,-874.0903302037403,-0.10127422304992706
crop_proj_left_delta,min,1,-224.29523356834744,0.022276037765806223
crop_proj_left_delta,min,2,19.29345922043809,0.2659142378040009
crop_proj_left_delta,min,3,-32.69274896427363,0.16622135752250955
crop_proj_left_delta,min,4,-25.142579980819963,0.11995064123408383
crop_proj_left_delta,min,5,-21.439071576024954,0.09486391556781015
crop_proj_left_delta,min,6,-3.0544455564699864,-0.18437228970656294
crop_proj_left_delta,min,7,-13.488742397461742,0.020313226007647955
crop_proj_left_delta,min,8,-23.71058399222948,0.01953898119651143
crop_proj_left_delta,min,9,-17.872480915728488,0.02143374948200716
crop_proj_left_delta,min,10,-7.366910869332228,0.022022876016396964
crop_proj_left_delta,min,11,-0.8663710820330692,-0.09022360023403353
crop_proj_left_delta,min,12,-23.550842626256443,0.0489514357418912
crop_proj_left_delta,min,13,-22.03661948598561,0.03113528664322729
crop_proj_left_delta,min,14,-21.538489215877988,0.02412008885372785
crop_proj_left_delta,min,15,1.7952716871516863,0.020249307435350694
crop_proj_left_delta,min,16,-0.4741962053737314,-0.08212146480016358
crop_proj_left_delta,min,17,-24.93273006004897,0.05344052342278616
crop_proj_left_delta,min,18,-23.346919588507326,0.0323853856638614
crop_proj_left_delta,min,19,-22.77387764164737,0.02380043921571584
crop_proj_left_delta,min,20,-22.68518383641257,0.01915812471733247
crop_proj_left_delta,min,21,1.293543906805804,-0.08357638089830921
crop_proj_left_delta,min,22,-30.833533336566493,0.037920003023796056
crop_proj_left_delta,min,23,-27.551675115509415,0.022052390199402083
crop_proj_left_delta,min,24,-26.00284163278097,0.01587110267778158
crop_proj_left_delta,min,25,-25.303160916346833,0.01255600970463533
crop_proj_left_delta,min,26,3.6151548450705397,-0.07734258348228362
crop_proj_left_delta,min,27,-34.40363534613659,0.042047080953039995
crop_proj_left_delta,min,28,-30.02868998533726,0.023697335924182994
crop_proj_left_delta,min,29,-27.7751619909599,0.016316424197782453
crop_proj_left_delta,min,30,-26.550491177854923,0.012400629459573764
crop_proj_left_delta,min,31,7.572583014660625,-0.07779325321956954
crop_proj_left_delta,min,32,-35.59376772342524,-0.060090342721757395
crop_proj_left_delta,min,33,-30.452876012920836,-0.040276268779606994
crop_proj_left_delta,min,34,-27.58862231409963,-0.030168726415709557
crop_proj_left_delta,min,35,97.54752261037531,-0.02462878919524769
crop_proj_left_delta,min,36,10.19160300918847,-0.02143646403394861
crop_proj_left_delta,min,37,-15.999072610670748,-0.0194639901613467
crop_proj_left_delta,min,38,-16.339319020714605,-0.018132962054359325
crop_proj_left_delta,min,39,-16.26537567297251,-0.017145043471373356
crop_proj_left_delta,min,40,-15.916627489414775,-0.01634574436478431
crop_proj_left_delta,min,41,18.11485841365322,-0.01565476845606284
crop_proj_left_delta,min,42,-25.7736526380436,-0.015030161815968057
crop_proj_left_delta,min,43,-19.9439478643625,-0.014449823603371215
crop_proj_left_delta,min,44,-16.501847117167323,-0.013901942220787333
crop_proj_left_delta,min,45,-14.246079468261552,-0.013380047233319203
crop_proj_left_delta,min,46,23.246269878993914,-0.012880446913136723
crop_proj_left_delta,min,47,-23.09277026570131,-0.012400901374000739
crop_proj_left_delta,min,48,-16.47192411948031,-0.011939934946756381
crop_proj_left_delta,min,49,-12.551217233964197,-0.01149647930120068
crop_proj_left_delta,min,50,-9.991691459021544,-0.011069688543130951
crop_proj_left_delta,min,total,-873.7757414882064,0.21331449248395984
crop_proj_left_delta,max,1,-224.33978564134574,-0.022276035232493996
crop_proj_left_delta,max,2,18.76163104847287,-0.2659139341612189
crop_proj_left_delta,max,3,-33.02519187808728,-0.16622155629113422
crop_proj_left_delta,max,4,-25.38248131263606,-0.11995069058201224
crop_proj_left_delta,max,5,-21.628799558982276,-0.09486406738951203
crop_proj_left_delta,max,6,-2.6857009611825973,0.18437230558082618
crop_proj_left_delta,max,7,-13.529368815226594,-0.020313191757203697
crop_proj_left_delta,max,8,-23.749661933579905,-0.019538960153912655
crop_proj_left_delta,max,9,-17.915348403752752,-0.02143373854225672
crop_proj_left_delta,max,10,-7.410956615447631,-0.022022870099005942
crop_proj_left_delta,max,11,-0.6859238786977402,0.09022360310129551
crop_proj_left_delta,max,12,-23.64874549631212,-0.04895143431378557
crop_proj_left_delta,max,13,-22.098890058583276,-0.03113528595443782
crop_proj_left_delta,max,14,-21.586729040085295,-0.024119735353579586
crop_proj_left_delta,max,15,1.7547729137015962,-0.020249466014739426
crop_proj_left_delta,max,16,-0.3099533638778844,0.08212137669568342
crop_proj_left_delta,max,17,-25.03961115649634,-0.05344057302458083
crop_proj_left_delta,max,18,-23.41169038660688,-0.03238541243569415
crop_proj_left_delta,max,19,-22.82147853423254,-0.023800453369453578
crop_proj_left_delta,max,20,-22.72350009324823,-0.019158132118327842
crop_proj_left_delta,max,21,1.4606966648320765,0.0835763771279634
crop_proj_left_delta,max,22,-30.9093733125084,-0.037919972918111
crop_proj_left_delta,max,23,-27.595779909080417,-0.022052403371599638
crop_proj_left_delta,max,24,-26.03458384699229,-0.015871111533538595
crop_proj_left_delta,max,25,-25.32827294136292,-0.012556015311449897
crop_proj_left_delta,max,26,3.7698400088992368,0.07734258034641339
crop_proj_left_delta,max,27,-34.48772950976344,-0.042047082673811076
crop_proj_left_delta,max,28,-30.076084658049286,-0.023697336787844137
crop_proj_left_delta,max,29,-27.807794839790137,-0.01631642463245342
crop_proj_left_delta,max,30,-26.57529243706139,-0.012400629746892378
crop_proj_left_delta,max,31,7.728169520965952,0.07779325308575835
crop_proj_left_delta,max,32,-35.47358703806853,0.06009034263495039
crop_proj_left_delta,max,33,-30.37232347539497,0.04027626874625767
crop_proj_left_delta,max,34,-27.528284861348922,0.030168726334999008
crop_proj_left_delta,max,35,97.5967801887659,0.024628789195347167
crop_proj_left_delta,max,36,10.234475937262621,0.021436464040203163
crop_proj_left_delta,max,37,-15.96014463034592,0.01946399016348188
crop_proj_left_delta,max,38,-16.30305309660927,0.01813296205097714
crop_proj_left_delta,max,39,-16.231085586022886,0.01714504347825141
crop_proj_left_delta,max,40,-15.88393600034615,0.016345744703841092
crop_proj_left_delta,max,41,18.146167950437686,0.01565476832840318
crop_proj_left_delta,max,42,-25.743592314512025,0.015030161715607449
crop_proj_left_delta,max,43,-19.915048217219116,0.014449823540012119
crop_proj_left_delta,max,44,-16.47404323275602,0.01390194219051466
crop_proj_left_delta,max,45,-14.219319373812052,0.013380047216180913
crop_proj_left_delta,max,46,23.272030772810492,0.012880446903441367
crop_proj_left_delta,max,47,-23.067968462958937,0.01240090136837324
crop_proj_left_delta,max,48,-16.448044249590808,0.011939934942745367
crop_proj_left_delta,max,49,-12.528224275364712,0.011496479298283901
crop_proj_left_delta,max,50,-9.969552081936794,0.011069688541619271
crop_proj_left_delta,max,total,-874.2023704731279,-0.21331449243746192
crop_proj_yield_delta,min,1,-224.13847948112087,0.17903012499238002
crop_proj_yield_delta,min,2,19.368677650125115,0.3411326674910242
crop_proj_yield_delta,min,3,-32.64150207336827,0.2174682484278705
crop_proj_yield_delta,min,4,-25.104860386237597,0.15767023581645034
crop_proj_yield_delta,min,5,-21.409082878515182,0.12485261307758222
crop_proj_yield_delta,min,6,-3.1419200796904856,-0.27184681292706214
crop_proj_yield_delta,min,7,-13.62950707191532,-0.12045144844593025
crop_proj_yield_delta,min,8,-23.79633403712887,-0.06621106370287677
crop_proj_yield_delta,min,9,-17.93206213804995,-0.03814747283945508
crop_proj_yield_delta,min,10,-7.412653781215868,-0.023720035867242473
crop_proj_yield_delta,min,11,-0.8075019220387927,-0.031354440239756975
crop_proj_yield_delta,min,12,-23.60667210134859,-0.006878039350254994
crop_proj_yield_delta,min,13,-22.075666603439394,-0.007911830810556353
crop_proj_yield_delta,min,14,-21.570672703853887,-0.008063399122171688
crop_proj_yield_delta,min,15,1.7668845644720035,-0.008137815244332103
crop_proj_yield_delta,min,16,-0.4153285960948443,-0.023253855521276456
crop_proj_yield_delta,min,17,-24.988816134918974,-0.0026455514472161212
crop_proj_yield_delta,min,18,-23.3849869277294,-0.005681953558212882
crop_proj_yield_delta,min,19,-22.80454963517907,-0.0068715543159854064
crop_proj_yield_delta,min,20,-22.71182677411431,-0.0074848129844085065
crop_proj_yield_delta,min,21,1.354239064846158,-0.02288122285795513
crop_proj_yield_delta,min,22,-30.87387273774678,-0.0024193981564906153
crop_proj_yield_delta,min,23,-27.579260400868133,-0.005532895159316098
crop_proj_yield_delta,min,24,-26.025476345605437,-0.006763610146684584
crop_proj_yield_delta,min,25,-25.32311622999525,-0.007399303943781632
crop_proj_yield_delta,min,26,3.6696889966625563,-0.022808431890267045
crop_proj_yield_delta,min,27,-34.448036679505115,-0.0023542524154862576
crop_proj_yield_delta,min,28,-30.0578600483971,-0.005472727135657607
crop_proj_yield_delta,min,29,-27.798185416213027,-0.006707001055342943
crop_proj_yield_delta,min,30,-26.57023728934375,-0.0073454820292546685
crop_proj_yield_delta,min,31,7.6276193050030585,-0.022756962877135578
crop_proj_yield_delta,min,32,-35.59864589509841,-0.06496851439492701
crop_proj_yield_delta,min,33,-30.453985353167862,-0.041385609026633574
crop_proj_yield_delta,min,34,-27.58884503320108,-0.030391445517157223
crop_proj_yield_delta,min,35,97.54772361570775,-0.024427783862805086
crop_proj_yield_delta,min,36,10.192005602242224,-0.021033870980193825
crop_proj_yield_delta,min,37,-15.998578360969589,-0.018969740460187623
crop_proj_yield_delta,min,38,-16.338788359210444,-0.01760230055019818
crop_proj_yield_delta,min,39,-16.264836468421336,-0.01660583892019929
crop_proj_yield_delta,min,40,-15.916093704202932,-0.015811959152941313
crop_proj_yield_delta,min,41,18.11537993954145,-0.015133242567831218
crop_proj_yield_delta,min,42,-25.773146556684797,-0.014524080457164246
crop_proj_yield_delta,min,43,-19.943458538132965,-0.0139604973738372
crop_proj_yield_delta,min,44,-16.50137489951414,-0.013429724567604495
crop_proj_yield_delta,min,45,-14.245624229322011,-0.012924808293778511
crop_proj_yield_delta,min,46,23.24670850771149,-0.012441818195561893
crop_proj_yield_delta,min,47,-23.09234776632257,-0.01197840199525757
crop_proj_yield_delta,min,48,-16.471517221119328,-0.011533036585774425
crop_proj_yield_delta,min,49,-12.550825394089111,-0.01110463942611517
crop_proj_yield_delta,min,50,-9.991314137717549,-0.010692367239135692
crop_proj_yield_delta,min,total,-874.0889231444966,-0.09986716380615235
crop_proj_yield_delta,max,1,-224.49653972406273,-0.17903011794948043
crop_proj_yield_delta,max,2,18.686412607471997,-0.3411323751620934
crop_proj_yield_delta,max,3,-33.07643876443892,-0.21746844264277598
crop_proj_yield_delta,max,4,-25.42020090253916,-0.15767028048511378
crop_proj_yield_delta,max,5,-21.658788259439792,-0.12485276784702748
crop_proj_yield_delta,max,6,-2.5982266207061246,0.2718466460572988
crop_proj_yield_delta,max,7,-13.388604065885104,0.1204515575842855
crop_proj_yield_delta,max,8,-23.66391184208358,0.06621113134241341
crop_proj_yield_delta,max,9,-17.85576715277562,0.03814751243487535
crop_proj_yield_delta,max,10,-7.365213687995595,0.023720057353029844
crop_proj_yield_delta,max,11,-0.7447930303974237,0.03135445140161197
crop_proj_yield_delta,max,12,-23.592916016783033,0.006878045215302109
crop_proj_yield_delta,max,13,-22.059842938771776,0.007911833857061623
crop_proj_yield_delta,max,14,-21.554545904054038,0.008063400677677635
crop_proj_yield_delta,max,15,1.7831601958200878,0.008137816103752193
crop_proj_yield_delta,max,16,-0.3688208846225942,0.023253855950973623
crop_proj_yield_delta,max,17,-24.983525031804554,0.002645551667203705
crop_proj_yield_delta,max,18,-23.373623020523148,0.005681953648039695
crop_proj_yield_delta,max,19,-22.790806526565525,0.006871554297561033
crop_proj_yield_delta,max,20,-22.696857148069995,0.007484813059907225
crop_proj_yield_delta,max,21,1.4000015106011472,0.022881222897034093
crop_proj_yield_delta,max,22,-30.869033941418063,0.002419398172225584
crop_proj_yield_delta,max,23,-27.568194610534803,0.0055328951740136745
crop_proj_yield_delta,max,24,-26.0119491253932,0.006763610065551262
crop_proj_yield_delta,max,25,-25.308317622069755,0.007399303981713956
crop_proj_yield_delta,max,26,3.7153058604611693,0.022808431908345916
crop_proj_yield_delta,max,27,-34.44332817466514,0.002354252424488834
crop_proj_yield_delta,max,28,-30.04691459411244,0.005472727149001599
crop_proj_yield_delta,max,29,-27.784771414174454,0.00670700098322996
crop_proj_yield_delta,max,30,-26.555546325266693,0.007345482047803387
crop_proj_yield_delta,max,31,7.673133230771192,0.022756962890998267
crop_proj_yield_delta,max,32,-35.46870886630209,0.06496851440139295
crop_proj_yield_delta,max,33,-30.37121413510527,0.04138560903595945
crop_proj_yield_delta,max,34,-27.528062142206885,0.030391445477036427
crop_proj_yield_delta,max,35,97.59657918341877,0.024427783848210538
crop_proj_yield_delta,max,36,10.234073344241642,0.021033871019223938
crop_proj_yield_delta,max,37,-15.960638880040042,0.018969740469358953
crop_proj_yield_delta,max,38,-16.303583758109575,0.01760230055067069
crop_proj_yield_delta,max,39,-16.231624790565515,0.01660583893562162
crop_proj_yield_delta,max,40,-15.884469785055842,0.015811959994149305
crop_proj_yield_delta,max,41,18.145646424366458,0.015133242257174828
crop_proj_yield_delta,max,42,-25.744098396013232,0.014524080214400215
crop_proj_yield_delta,max,43,-19.9155375435303,0.013960497228829638
crop_proj_yield_delta,max,44,-16.47451545044776,0.01342972449877422
crop_proj_yield_delta,max,45,-14.21977461277275,0.01292480825548381
crop_proj_yield_delta,max,46,23.271592144077964,0.012441818170913166
crop_proj_yield_delta,max,47,-23.068390962344715,0.011978401982595699
crop_proj_yield_delta,max,48,-16.44845114794559,0.011533036587962897
crop_proj_yield_delta,max,49,-12.528616115245109,0.011104639417887086
crop_proj_yield_delta,max,50,-9.969929403244333,0.01069236723408018
crop_proj_yield_delta,max,total,-873.8891888168517,0.09986716383866678
crop_root_in_top_30,min,1,-224.33718382640333,-0.01967422029008503
crop_root_in_top_30,min,2,19.015933908114164,-0.01161107451992649
crop_root_in_top_30,min,3,-32.86688828525497,-0.007917963458830002
crop_root_in_top_30,min,4,-25.268454407810545,-0.005923785756497324
crop_root_in_top_30,min,5,-21.53873187088184,-0.004796379289075503
crop_root_in_top_30,min,6,-2.912673956639315,-0.04260068987589172
crop_root_in_top_30,min,7,-13.535951250635907,-0.0268956271665175
crop_root_in_top_30,min,8,-23.74970896418995,-0.019585990763957284
crop_root_in_top_30,min,9,-17.90947393500403,-0.015559269793534725
crop_root_in_top_30,min,10,-7.40214472051781,-0.013210975169184458
crop_root_in_top_30,min,11,-0.7878809281832173,-0.011733446384181612
crop_root_in_top_30,min,12,-23.630182333361663,-0.030388271363328556
crop_root_in_top_30,min,13,-22.089306330196592,-0.021551557567754287
crop_root_in_top_30,min,14,-21.579831079304174,-0.01722177457245877
crop_root_in_top_30,min,15,1.7603511628489432,-0.014671216867392367
crop_root_in_top_30,min,16,-0.40510883263613806,-0.013034092062570224
crop_root_in_top_30,min,17,-24.998055536821802,-0.01188495335004447
crop_root_in_top_30,min,18,-23.390293409347688,-0.010988435176500388
crop_root_in_top_30,min,19,-22.807916989137738,-0.010238908274651237
crop_root_in_top_30,min,20,-22.713918986400298,-0.009577025270395723
crop_root_in_top_30,min,21,1.3681495518830427,-0.008970735821070441
crop_root_in_top_30,min,22,-30.899524537507645,-0.028071197917356017
crop_root_in_top_30,min,23,-27.5931956363116,-0.01946813060278174
crop_root_in_top_30,min,24,-26.033972302679192,-0.015259567220439862
crop_root_in_top_30,min,25,-25.32848634406918,-0.012769418017711587
crop_root_in_top_30,min,26,3.6813313262620966,-0.011166102290726787
crop_root_in_top_30,min,27,-34.455710146070224,-0.010027718980595068
crop_root_in_top_30,min,28,-30.061530643693334,-0.009143322431892642
crop_root_in_top_30,min,29,-27.799878826557,-0.008400411399314578
crop_root_in_top_30,min,30,-26.570630636904276,-0.007738829589779783
crop_root_in_top_30,min,31,7.643246172492523,-0.007130095387671176
crop_root_in_top_30,min,32,-35.58906460968979,-0.05538722898631221
crop_root_in_top_30,min,33,-30.447434504142635,-0.03483476000140584
crop_root_in_top_30,min,34,-27.583606292811027,-0.025152705127105435
crop_root_in_top_30,min,35,97.55244479248329,-0.019706607087272232
crop_root_in_top_30,min,36,10.196605380937598,-0.016434092284820068
crop_root_in_top_30,min,37,-15.993897956611804,-0.014289336102402572
crop_root_in_top_30,min,38,-16.333929014329982,-0.012742955669736489
crop_root_in_top_30,min,39,-16.259753055963287,-0.011522426462150293
crop_root_in_top_30,min,40,-15.910769807384117,-0.010488062334125914
crop_root_in_top_30,min,41,18.120952865389302,-0.009560316719980477
crop_root_in_top_30,min,42,-25.767328328981705,-0.008705852754072652
crop_root_in_top_30,min,43,-19.937400835577748,-0.00790279481861944
crop_root_in_top_30,min,44,-16.495085007919265,-0.007139832972729465
crop_root_in_top_30,min,45,-14.2391081873519,-0.006408766323666271
crop_root_in_top_30,min,46,23.25344172459124,-0.005708601315809858
crop_root_in_top_30,min,47,-23.085405476010312,-0.00503611168300111
crop_root_in_top_30,min,48,-16.464373334670714,-0.004389150137161124
crop_root_in_top_30,min,49,-12.543486484695077,-0.003765730032080583
crop_root_in_top_30,min,50,-9.983787247719608,-0.0031654772411950916
crop_root_in_top_30,min,total,-874.7086079753763,-0.719551994685844
crop_root_in_top_30,max,1,-224.2978351980205,0.019674408092754447
crop_root_in_top_30,max,2,19.039155910754783,0.01161092812069242
crop_root_in_top_30,max,3,-32.85105259875606,0.007917723040080205
crop_root_in_top_30,max,4,-25.256606856833546,0.005923765220501309
crop_root_in_top_30,max,5,-21.529139314728955,0.00479617686380962
crop_root_in_top_30,max,6,-2.827472266869633,0.042600999893790625
crop_root_in_top_30,max,7,-13.482159955127404,0.026895668341985868
crop_root_in_top_30,max,8,-23.71053693483051,0.019586038595480915
crop_root_in_top_30,max,9,-17.878355382307916,0.015559282902579241
crop_root_in_top_30,max,10,-7.375722610979908,0.013211134368717126
crop_root_in_top_30,max,11,-0.7644142895694639,0.01173319222957181
crop_root_in_top_30,max,12,-23.569405443911588,0.030388618086746533
crop_root_in_top_30,max,13,-22.046202365882717,0.021552406746121022
crop_root_in_top_30,max,14,-21.545386328703508,0.01722297602820788
crop_root_in_top_30,max,15,1.7896932325249475,0.014670852808611912
crop_root_in_top_30,max,16,-0.3790367859578394,0.013037954615728431
crop_root_in_top_30,max,17,-24.97429019824243,0.011880385229328994
crop_root_in_top_30,max,18,-23.36831585334357,0.010989120827616716
crop_root_in_top_30,max,19,-22.7874362126029,0.010241868260187914
crop_root_in_top_30,max,20,-22.694765632172803,0.009576328957098923
crop_root_in_top_30,max,21,1.3860888019351427,0.008968514231029623
crop_root_in_top_30,max,22,-30.843379310915626,0.0280740286746628
crop_root_in_top_30,max,23,-27.554257846390332,0.0194696593184851
crop_root_in_top_30,max,24,-26.003455255232424,0.015257480226328113
crop_root_in_top_30,max,25,-25.30294707811971,0.012769847931757283
crop_root_in_top_30,max,26,3.703663181547219,0.011165752994395817
crop_root_in_top_30,max,27,-34.43565358166594,0.010028845423690314
crop_root_in_top_30,max,28,-30.043242922269105,0.009144398992336988
crop_root_in_top_30,max,29,-27.783082458477626,0.008395956680057992
crop_root_in_top_30,max,30,-26.555154453524835,0.007737353789661228
crop_root_in_top_30,max,31,7.657505364185051,0.007129096304856475
crop_root_in_top_30,max,32,-35.47829087113186,0.05538650957161906
crop_root_in_top_30,max,33,-30.377764332569942,0.034835411571286556
crop_root_in_top_30,max,34,-27.533301178510413,0.025152409173507806
crop_root_in_top_30,max,35,97.59185946314687,0.01970806357631716
crop_root_in_top_30,max,36,10.229472779128017,0.016433305905598772
crop_root_in_top_30,max,37,-15.965320370203791,0.014288250305609651
crop_root_in_top_30,max,38,-16.308442312024237,0.012743746636008524
crop_root_in_top_30,max,39,-16.236707163876936,0.011523465624200924
crop_root_in_top_30,max,40,-15.889794686093397,0.010487058956593742
crop_root_in_top_30,max,41,18.140074379172304,0.00956119706302161
crop_root_in_top_30,max,42,-25.749915359645797,0.008707116581835095
crop_root_in_top_30,max,43,-19.921594350637676,0.0079036901214522
crop_root_in_top_30,max,44,-16.480805453424082,0.007139721522452902
crop_root_in_top_30,max,45,-14.226290119023291,0.006409302004941608
crop_root_in_top_30,max,46,23.264858658222483,0.0057083323154323296
crop_root_in_top_30,max,47,-23.07533351103566,0.005035853291651904
crop_root_in_top_30,max,48,-16.45559583216638,0.004388352367172388
crop_root_in_top_30,max,49,-12.535955514838186,0.0037652398248102514
crop_root_in_top_30,max,50,-9.977455334600185,0.003166435878227958
crop_root_in_top_30,max,total,-873.269501754602,0.7195542260884622
crop_root_to_shoot_sp3,min,1,-224.33718382680803,-0.019674220694781752
crop_root_to_shoot_sp3,min,2,19.01593391914786,-0.011611063486231643
crop_root_to_shoot_sp3,min,3,-32.86688829100433,-0.007917969208186548
crop_root_to_shoot_sp3,min,4,-25.268454413056496,-0.005923791002448553
crop_root_to_shoot_sp3,min,5,-21.538731828404043,-0.004796336811278223
crop_root_to_shoot_sp3,min,6,-2.8741900559285165,-0.00411678916509306
crop_root_to_shoot_sp3,min,7,-13.512727398187169,-0.0036717747177785753
crop_root_to_shoot_sp3,min,8,-23.73347408843599,-0.0033511150099982956
crop_root_to_shoot_sp3,min,9,-17.89701285651141,-0.003098191300914266
crop_root_to_shoot_sp3,min,10,-7.391817318985575,-0.002883573636950132
crop_root_to_shoot_sp3,min,11,-0.7788393103306883,-0.002691828531652618
crop_root_to_shoot_sp3,min,12,-23.621983478429826,-0.022189416431491082
crop_root_to_shoot_sp3,min,13,-22.081714189548364,-0.01395941691952629
crop_root_to_shoot_sp3,min,14,-21.57271757584834,-0.010108271116624934
crop_root_to_shoot_sp3,min,15,1.767058252942947,-0.007964126773388536
crop_root_to_shoot_sp3,min,16,-0.3987650627675565,-0.006690322193988685
crop_root_to_shoot_sp3,min,17,-24.992045333015447,-0.005874749543689717
crop_root_to_shoot_sp3,min,18,-23.384597672830644,-0.005292698659456363
crop_root_to_shoot_sp3,min,19,-22.802520181765328,-0.004842100902241242
crop_root_to_shoot_sp3,min,20,-22.708809790985093,-0.004467829855190786
crop_root_to_shoot_sp3,min,21,1.372986113664148,-0.004134174039965188
crop_root_to_shoot_sp3,min,22,-30.894952556845816,-0.023499217255526617
crop_root_to_shoot_sp3,min,23,-27.588875542319293,-0.015148036610476368
crop_root_to_shoot_sp3,min,24,-26.029896336799478,-0.011183601340725602
crop_root_to_shoot_sp3,min,25,-25.324645300140077,-0.008928374088608138
crop_root_to_shoot_sp3,min,26,3.6849449788305453,-0.007552449722278087
crop_root_to_shoot_sp3,min,27,-34.45231382833832,-0.006631401248689883
crop_root_to_shoot_sp3,min,28,-30.058342139524704,-0.005954818263262496
crop_root_to_shoot_sp3,min,29,-27.796893571811566,-0.005415156653882036
crop_root_to_shoot_sp3,min,30,-26.56783808653128,-0.004946279216785143
crop_root_to_shoot_sp3,min,31,7.645850140187447,-0.004526127692747295
crop_root_to_shoot_sp3,min,32,-35.586641196023,-0.05296381531952221
crop_root_to_shoot_sp3,min,33,-30.445184594842402,-0.03258485070117345
crop_root_to_shoot_sp3,min,34,-27.58152273118621,-0.0230691435022905
crop_root_to_shoot_sp3,min,35,97.55436750834019,-0.01778389123036561
crop_root_to_shoot_sp3,min,36,10.198373247993505,-0.014666225228912921
crop_root_to_shoot_sp3,min,37,-15.99227912558095,-0.012670505071548988
crop_root_to_shoot_sp3,min,38,-16.33245338197127,-0.011267323311024313
crop_root_to_shoot_sp3,min,39,-16.258416741856813,-0.010186112355675903
crop_root_to_shoot_sp3,min,40,-15.909565882630666,-0.009284137580674923
crop_root_to_shoot_sp3,min,41,18.122027899343976,-0.008485282765306579
crop_root_to_shoot_sp3,min,42,-25.766376938972314,-0.007754462744681945
crop_root_to_shoot_sp3,min,43,-19.936567462390194,-0.007069421631065609
crop_root_to_shoot_sp3,min,44,-16.494365917610995,-0.006420742664460022
crop_root_to_shoot_sp3,min,45,-14.23849982406991,-0.005800403041677171
crop_root_to_shoot_sp3,min,46,23.253944633003172,-0.0052056929038784006
crop_root_to_shoot_sp3,min,47,-23.085005078835284,-0.0046357145079731765
crop_root_to_shoot_sp3,min,48,-16.46407046939371,-0.004086284860157718
crop_root_to_shoot_sp3,min,49,-12.54327906084108,-0.0035583061780837255
crop_root_to_shoot_sp3,min,50,-9.983671094283796,-0.0030493238053832528
crop_root_to_shoot_sp3,min,total,-874.4786428421882,-0.48958686149774167
crop_root_to_shoot_sp3,max,1,-224.29783514353943,0.019674462573817664
crop_root_to_shoot_sp3,max,2,19.039155867377712,0.011610884743621597
crop_root_to_shoot_sp3,max,3,-32.85105257885765,0.007917742938495564
crop_root_to_shoot_sp3,max,4,-25.256606954733883,0.005923667320164583
crop_root_to_shoot_sp3,max,5,-21.529139283537063,0.0047962080557013564
crop_root_to_shoot_sp3,max,6,-2.865956111202119,0.004117155561304653
crop_root_to_shoot_sp3,max,7,-13.505383939689093,0.0036716837802970304
crop_root_to_shoot_sp3,max,8,-23.726771822310276,0.0033511511157158225
crop_root_to_shoot_sp3,max,9,-17.89081642067324,0.003098244537255823
crop_root_to_shoot_sp3,max,10,-7.386050009115269,0.0028837362333558048
crop_root_to_shoot_sp3,max,11,-0.7734555910792791,0.0026918907197566178
crop_root_to_shoot_sp3,max,12,-23.57760442207663,0.02218963992170586
crop_root_to_shoot_sp3,max,13,-22.053794815579565,0.013959957049273441
crop_root_to_shoot_sp3,max,14,-21.552499646464057,0.010109658267658972
crop_root_to_shoot_sp3,max,15,1.7829855694961054,0.007963189779769841
crop_root_to_shoot_sp3,max,16,-0.38538342904313705,0.006691311530430788
crop_root_to_shoot_sp3,max,17,-24.980298705293983,0.005871878177774903
crop_root_to_shoot_sp3,max,18,-23.374010649349206,0.005294324821981888
crop_root_to_shoot_sp3,max,19,-22.792834446517876,0.00484363434521029
crop_root_to_shoot_sp3,max,20,-22.699875191071875,0.004466770058026981
crop_root_to_shoot_sp3,max,21,1.381252382311681,0.0041320946075678044
crop_root_to_shoot_sp3,max,22,-30.847952340362088,0.023500999228200925
crop_root_to_shoot_sp3,max,23,-27.558578074859813,0.015149430849003664
crop_root_to_shoot_sp3,max,24,-26.007529203183214,0.011183532275538255
crop_root_to_shoot_sp3,max,25,-25.30678770878251,0.00892921726895679
crop_root_to_shoot_sp3,max,26,3.700047960652582,0.0075505320997586445
crop_root_to_shoot_sp3,max,27,-34.439050931881816,0.006631495207813032
crop_root_to_shoot_sp3,max,28,-30.04643080411733,0.0059565171441136044
crop_root_to_shoot_sp3,max,29,-27.786067592265358,0.005410822892326195
crop_root_to_shoot_sp3,max,30,-26.557945997175157,0.004945810139339812
crop_root_to_shoot_sp3,max,31,7.654903120263574,0.004526852383380131
crop_root_to_shoot_sp3,max,32,-35.48071517013199,0.05296221057149353
crop_root_to_shoot_sp3,max,33,-30.38001537360777,0.03258437053345986
crop_root_to_shoot_sp3,max,34,-27.535384147621645,0.02306944006227596
crop_root_to_shoot_sp3,max,35,97.58993783368673,0.017786434116175087
crop_root_to_shoot_sp3,max,36,10.227704493829243,0.014665020606825507
crop_root_to_shoot_sp3,max,37,-15.966940699379078,0.012667921130322668
crop_root_to_shoot_sp3,max,38,-16.30991802285766,0.011268035802586951
crop_root_to_shoot_sp3,max,39,-16.238044983618515,0.010185645882621941
crop_root_to_shoot_sp3,max,40,-15.890998549164646,0.009283195885345208
crop_root_to_shoot_sp3,max,41,18.138999605231195,0.008486423121912168
crop_root_to_shoot_sp3,max,42,-25.750867700100205,0.007754776127427476
crop_root_to_shoot_sp3,max,43,-19.922427366189023,0.00707067457010524
crop_root_to_shoot_sp3,max,44,-16.481525219656035,0.006419955290500212
crop_root_to_shoot_sp3,max,45,-14.226898915654527,0.005800505373706244
crop_root_to_shoot_sp3,max,46,23.26435685281466,0.005206526907610254
crop_root_to_shoot_sp3,max,47,-23.075733818203034,0.004635546124276857
crop_root_to_shoot_sp3,max,48,-16.455897694235222,0.004086490298330858
crop_root_to_shoot_sp3,max,49,-12.536163257666644,0.0035574969963523273
crop_root_to_shoot_sp3,max,50,-9.977571730878994,0.0030500395994188523
crop_root_to_shoot_sp3,max,total,-873.4994707760624,0.48958520462804245
crop_slope_sp3,min,1,-224.3527171733042,-0.03520756719095175
crop_slope_sp3,min,2,19.028706830800488,0.0011618481663973057
crop_slope_sp3,min,3,-32.86109787938738,-0.0021275575912369504
crop_slope_sp3,min,4,-25.2657050932532,-0.0031744711991521513
crop_slope_sp3,min,5,-21.53759813540706,-0.003662643814294597
crop_slope_sp3,min,6,-2.898065291112398,-0.02799202434897463
crop_slope_sp3,min,7,-13.504102830553336,0.004952792916053994
crop_slope_sp3,min,8,-23.729998773485484,0.00012419994050816285
crop_slope_sp3,min,9,-17.895635620713428,-0.0017209555029324974
crop_slope_sp3,min,10,-7.391564481923282,-0.0026307365746571776
crop_slope_sp3,min,11,-0.8033356881785192,-0.027188206379483493
crop_slope_sp3,min,12,-23.601344914223166,-0.0015508522248310896
crop_slope_sp3,min,13,-22.07085933149532,-0.003104558866482421
crop_slope_sp3,min,14,-21.56607208945445,-0.0034627847227355346
crop_slope_sp3,min,15,1.7714432294134017,-0.0035791503029338756
crop_slope_sp3,min,16,-0.4137369693429571,-0.02166222876938928
crop_slope_sp3,min,17,-24.983014359986452,0.0031562234853055315
crop_slope_sp3,min,18,-23.379679900857145,-0.0003749266859571776
crop_slope_sp3,min,19,-22.799360478986234,-0.0016823981231475216
crop_slope_sp3,min,20,-22.706642858980388,-0.002300897850485484
crop_slope_sp3,min,21,1.3564630906603066,-0.02065719704380653
crop_slope_sp3,min,22,-30.87461827838064,-0.0031649387903520676
crop_slope_sp3,min,23,-27.57716720109429,-0.00343969538547384
crop_slope_sp3,min,24,-26.021986712089898,-0.003273976631145814
crop_slope_sp3,min,25,-25.318819436816007,-0.00310251076453838
crop_slope_sp3,min,26,3.6775009025680543,-0.014996525984769082
crop_slope_sp3,min,27,-34.44400771378015,0.0016747133094767719
crop_slope_sp3,min,28,-30.05297003934681,-0.0005827180853685832
crop_slope_sp3,min,29,-27.792853215465087,-0.0013748003074027793
crop_slope_sp3,min,30,-26.56459964935578,-0.0017078420412843798
crop_slope_sp3,min,31,7.636500360964533,-0.013875906915661318
crop_slope_sp3,min,32,-35.54539997385349,-0.011722593150011562
crop_slope_sp3,min,33,-30.419972964816903,-0.0073732206756744745
crop_slope_sp3,min,34,-27.563608451617714,-0.005154863933793052
crop_slope_sp3,min,35,97.56827227007871,-0.0038791294918496533
crop_slope_sp3,min,36,10.209951761919786,-0.003087711302631746
crop_slope_sp3,min,37,-15.982160596437675,-0.0025519759282737198
crop_slope_sp3,min,38,-16.32333521624319,-0.0021491575829450937
crop_slope_sp3,min,39,-16.250053410337326,-0.0018227808361892528
crop_slope_sp3,min,40,-15.901821482500226,-0.001539737450235279
crop_slope_sp3,min,41,18.1292302739744,-0.0012829081348826321
crop_slope_sp3,min,42,-25.759665659821707,-0.0010431835940742928
crop_slope_sp3,min,43,-19.930315726520817,-0.0008176857616888356
crop_slope_sp3,min,44,-16.488548160668863,-0.0006029857223275314
crop_slope_sp3,min,45,-14.233097077789699,-0.00039765676146608087
crop_slope_sp3,min,46,23.258951577883057,-0.00019874802399399982
crop_slope_sp3,min,47,-23.080378813763165,-9.449435854236299e-06
crop_slope_sp3,min,48,-16.459810242765368,0.00017394176818541496
crop_slope_sp3,min,49,-12.539371479790788,0.00034927487220848263
crop_slope_sp3,min,50,-9.980102022037421,0.0005197484409915631
crop_slope_sp3,min,total,-874.2281750976747,-0.23911911698428412
crop_slope_sp3,max,1,-224.2823018841203,0.03520772199294697
crop_slope_sp3,max,2,19.02638303766063,-0.0011619449734610043
crop_slope_sp3,max,3,-32.856842812698396,0.002127509097746838
crop_slope_sp3,max,4,-25.259356351202413,0.00317427085163402
crop_slope_sp3,max,5,-21.530272963295772,0.003662528296992207
crop_slope_sp3,max,6,-2.8420810633387723,0.02799220342465114
crop_slope_sp3,max,7,-13.514008364692828,-0.0049527412234375845
crop_slope_sp3,max,8,-23.730247151818105,-0.00012417839211309456
crop_slope_sp3,max,9,-17.892193833589282,0.0017208316212133923
crop_slope_sp3,max,10,-7.386302960239661,0.0026307851089644174
crop_slope_sp3,max,11,-0.7489591364736983,0.027188345325337426
crop_slope_sp3,max,12,-23.598242574072444,0.001551487925890882
crop_slope_sp3,max,13,-22.064649965165355,0.0031048074634831835
crop_slope_sp3,max,14,-21.55914539751775,0.0034639072139661664
crop_slope_sp3,max,15,1.7785983511308396,0.0035759714145040533
crop_slope_sp3,max,16,-0.3704103343900007,0.02166440618356713
crop_slope_sp3,max,17,-24.989329392073248,-0.003158808601490648
crop_slope_sp3,max,18,-23.378930639984567,0.000374334186620473
crop_slope_sp3,max,19,-22.795993693148457,0.0016843877146293096
crop_slope_sp3,max,20,-22.702042008448437,0.0022999526814651006
crop_slope_sp3,max,21,1.3977762264793179,0.020655938775204774
crop_slope_sp3,max,22,-30.868285689205887,0.00316765038440181
crop_slope_sp3,max,23,-27.570287313995905,0.0034401917129116555
crop_slope_sp3,max,24,-26.015439098711497,0.0032736367472558925
crop_slope_sp3,max,25,-25.31261384034816,0.00310308570330875
crop_slope_sp3,max,26,3.707492869851358,0.014995441298534473
crop_slope_sp3,max,27,-34.447356895443285,-0.0016744683536558114
crop_slope_sp3,max,28,-30.05180418505245,0.0005831362089914194
crop_slope_sp3,max,29,-27.790108804777773,0.0013696103799105686
crop_slope_sp3,max,30,-26.561182830664627,0.0017089766498692427
crop_slope_sp3,max,31,7.6642512888171375,0.013875020936943372
crop_slope_sp3,max,32,-35.5219565252192,0.011720855484277592
crop_slope_sp3,max,33,-30.40522583212173,0.007373912019499329
crop_slope_sp3,max,34,-27.553298331368598,0.005155256315322987
crop_slope_sp3,max,35,97.5760315325488,0.0038801329782387484
crop_slope_sp3,max,36,10.216126620648884,0.00308714742646643
crop_slope_sp3,max,37,-15.977058092358968,0.0025505281504329957
crop_slope_sp3,max,38,-16.319036637198398,0.0021494214618478225
crop_slope_sp3,max,39,-16.246407193850402,0.0018234356507349503
crop_slope_sp3,max,40,-15.898742633381088,0.0015391116689027484
crop_slope_sp3,max,41,18.131797137563446,0.0012839554541628218
crop_slope_sp3,max,42,-25.75757806583857,0.0010444103890634437
crop_slope_sp3,max,43,-19.92867909102859,0.0008189497305366444
crop_slope_sp3,max,44,-16.487342295268117,0.000602879678417878
crop_slope_sp3,max,45,-14.23230268269171,0.0003967383365228727
crop_slope_sp3,max,46,23.25935000972828,0.00019968382122925732
crop_slope_sp3,max,47,-23.080359982721152,9.381606158598288e-06
crop_slope_sp3,max,48,-16.460158011894215,-0.00017382736066196003
crop_slope_sp3,max,49,-12.540070948746916,-0.0003501940839196749
crop_slope_sp3,max,50,-9.98114043609997,-0.0005186656215574459
crop_slope_sp3,max,total,-873.749938869828,0.23911711086236664
crop_root_to_shoot_sp16,min,1,-224.31750960902522,-2.911974661401473e-09
crop_root_to_shoot_sp16,min,2,19.027544976086368,-6.547722364302899e-09
crop_root_to_shoot_sp16,min,3,-32.8589702738349,4.7961243865302094e-08
crop_root_to_shoot_sp16,min,4,-25.262530734790868,-1.127368207676227e-07
crop_root_to_shoot_sp16,min,5,-21.53393556954055,-7.794778511538425e-08
crop_root_to_shoot_sp16,min,6,-2.9085570930886444,-0.03848382632522096
crop_root_to_shoot_sp16,min,7,-13.532279609865277,-0.023223986395887408
crop_root_to_shoot_sp16,min,8,-23.74635784818993,-0.01623487476393848
crop_root_to_shoot_sp16,min,9,-17.906375656510548,-0.012460991300052626
crop_root_to_shoot_sp16,min,10,-7.3992611006181335,-0.010327355269508232
crop_root_to_shoot_sp16,min,11,-0.7851889487215096,-0.009041466922473873
crop_root_to_shoot_sp16,min,12,-23.607992912511207,-0.008198850512872724
crop_root_to_shoot_sp16,min,13,-22.07534660506549,-0.0075918324366526235
crop_root_to_shoot_sp16,min,14,-21.5697220956342,-0.007112790902485955
crop_root_to_shoot_sp16,min,15,1.7683144717411796,-0.006707907975155969
crop_root_to_shoot_sp16,min,16,-0.3984187229395406,-0.006343982365972778
crop_root_to_shoot_sp16,min,17,-24.992181344829103,-0.006010761357345018
crop_root_to_shoot_sp16,min,18,-23.384999839636105,-0.005694865464917598
crop_root_to_shoot_sp16,min,19,-22.803072808643876,-0.00539472778078931
crop_root_to_shoot_sp16,min,20,-22.709453773914657,-0.005111812784754477
crop_root_to_shoot_sp16,min,21,1.3722836828466938,-0.004836604857419324
crop_root_to_shoot_sp16,min,22,-30.876025306430318,-0.004571966840028807
crop_root_to_shoot_sp16,min,23,-27.578046775447426,-0.004319269738608966
crop_root_to_shoot_sp16,min,24,-26.022789013086136,-0.004076277627383718
crop_root_to_shoot_sp16,min,25,-25.319557801657158,-0.0038408756056895754
crop_root_to_shoot_sp16,min,26,3.6888826471111167,-0.0036147814417066826
crop_root_to_shoot_sp16,min,27,-34.44907875985316,-0.0033963327635291307
crop_root_to_shoot_sp16,min,28,-30.05557435473053,-0.0031870334690893287
crop_root_to_shoot_sp16,min,29,-27.794466119237057,-0.002987704079373543
crop_root_to_shoot_sp16,min,30,-26.565683271572798,-0.002791464258301346
crop_root_to_shoot_sp16,min,31,7.6477722365087555,-0.0026040313714386087
crop_root_to_shoot_sp16,min,32,-35.53610183988076,-0.002424459177277072
crop_root_to_shoot_sp16,min,33,-30.414849472280586,-0.002249728139357643
crop_root_to_shoot_sp16,min,34,-27.560537682139636,-0.002084094455714336
crop_root_to_shoot_sp16,min,35,97.57022966147409,-0.001921738096470449
crop_root_to_shoot_sp16,min,36,10.211271300678408,-0.0017681725440095164
crop_root_to_shoot_sp16,min,37,-15.981227903968414,-0.0016192834590125216
crop_root_to_shoot_sp16,min,38,-16.3226612168892,-0.001475158228952722
crop_root_to_shoot_sp16,min,39,-16.249568232425545,-0.001337602924408543
crop_root_to_shoot_sp16,min,40,-15.901485716457906,-0.0012039714079143948
crop_root_to_shoot_sp16,min,41,18.129438070526746,-0.0010751115825371471
crop_root_to_shoot_sp16,min,42,-25.75957316306151,-0.0009506868338782226
crop_root_to_shoot_sp16,min,43,-19.930331623895952,-0.0008335831368242452
crop_root_to_shoot_sp16,min,44,-16.488664722419493,-0.0007195474729577711
crop_root_to_shoot_sp16,min,45,-14.233308642483717,-0.0006092214554840325
crop_root_to_shoot_sp16,min,46,23.258647349291756,-0.0005029766152944148
crop_root_to_shoot_sp16,min,47,-23.08076961699134,-0.00040025266402921034
crop_root_to_shoot_sp16,min,48,-16.460286902419472,-0.00030271788591917925
crop_root_to_shoot_sp16,min,49,-12.539928204836848,-0.0002074501738515977
crop_root_to_shoot_sp16,min,50,-9.98073808547421,-0.00011631499579678461
crop_root_to_shoot_sp16,min,total,-874.2190245787338,-0.22996859804334235
crop_root_to_shoot_sp16,max,1,-224.31750944892414,1.571891061757924e-07
crop_root_to_shoot_sp16,max,2,19.027544923602985,-5.903110533722611e-08
crop_root_to_shoot_sp16,max,3,-32.858970448228504,-1.2643236146914205e-07
crop_root_to_shoot_sp16,max,4,-25.262530711503604,-8.94495570946674e-08
crop_root_to_shoot_sp16,max,5,-21.533935506324358,-1.4731593722672187e-08
crop_root_to_shoot_sp16,max,6,-2.831589309449396,0.03848395731402743
crop_root_to_shoot_sp16,max,7,-13.485831670530857,0.023223952938533188
crop_root_to_shoot_sp16,max,8,-23.713888050234168,0.01623492319182418
crop_root_to_shoot_sp16,max,9,-17.88145361002468,0.01246105518581686
crop_root_to_shoot_sp16,max,10,-7.37860619086484,0.010327554483785306
crop_root_to_shoot_sp16,max,11,-0.7671060491503217,0.009041432648714043
crop_root_to_shoot_sp16,max,12,-23.591594566583986,0.008199495414348945
crop_root_to_shoot_sp16,max,13,-22.06016215479628,0.00759261783255738
crop_root_to_shoot_sp16,max,14,-21.55549506898665,0.007114235745063979
crop_root_to_shoot_sp16,max,15,1.7817291954356858,0.006706815719350168
crop_root_to_shoot_sp16,max,16,-0.3857278806704594,0.006346859903108459
crop_root_to_shoot_sp16,max,17,-24.98016210114819,0.006008482323569098
crop_root_to_shoot_sp16,max,18,-23.373609508219385,0.005695465951802703
crop_root_to_shoot_sp16,max,19,-22.79228130810577,0.005396772757315205
crop_root_to_shoot_sp16,max,20,-22.699231527060217,0.005110434069685255
crop_root_to_shoot_sp16,max,21,1.381955215836482,0.004834928132368965
crop_root_to_shoot_sp16,max,22,-30.86687966734688,0.0045736722434099875
crop_root_to_shoot_sp16,max,23,-27.569406915419748,0.0043205902890690595
crop_root_to_shoot_sp16,max,24,-26.014637788676076,0.004074946782676392
crop_root_to_shoot_sp16,max,25,-25.31187557674262,0.0038413493088498285
crop_root_to_shoot_sp16,max,26,3.6961108856460734,0.0036134570932500054
crop_root_to_shoot_sp16,max,27,-34.44228603954868,0.0033963875409526167
crop_root_to_shoot_sp16,max,28,-30.049199069895128,0.0031882513663141765
crop_root_to_shoot_sp16,max,29,-27.78849622331815,0.0029821918395356306
crop_root_to_shoot_sp16,max,30,-26.56010062311674,0.002791184197757701
crop_root_to_shoot_sp16,max,31,7.652981114649389,0.002604846769195035
crop_root_to_shoot_sp16,max,32,-35.531253851778565,0.0024235289249148195
crop_root_to_shoot_sp16,max,33,-30.41034844508098,0.002251299060247902
crop_root_to_shoot_sp16,max,34,-27.55637069748905,0.0020828901948704015
crop_root_to_shoot_sp16,max,35,97.57407455630853,0.001923156737973386
crop_root_to_shoot_sp16,max,36,10.2148081111589,0.00176863793648252
crop_root_to_shoot_sp16,max,37,-15.977990741998083,0.001617878511318338
crop_root_to_shoot_sp16,max,38,-16.319711185489624,0.0014748731706220042
crop_root_to_shoot_sp16,max,39,-16.246893461872244,0.0013371676288933543
crop_root_to_shoot_sp16,max,40,-15.899078678246601,0.001203066803389774
crop_root_to_shoot_sp16,max,41,18.13158917708284,0.0010759949735579255
crop_root_to_shoot_sp16,max,42,-25.757669121332174,0.0009533548954578919
crop_root_to_shoot_sp16,max,43,-19.928664135564553,0.0008339051945753795
crop_root_to_shoot_sp16,max,44,-16.487226252630432,0.0007189223161034874
crop_root_to_shoot_sp16,max,45,-14.232090527158626,0.0006088938696073853
crop_root_to_shoot_sp16,max,46,23.25965353499011,0.0005032090830603408
crop_root_to_shoot_sp16,max,47,-23.079969226359413,0.000400137967897507
crop_root_to_shoot_sp16,max,48,-16.459682012975932,0.00030217155762102266
crop_root_to_shoot_sp16,max,49,-12.539513403720024,0.00020735094297208434
crop_root_to_shoot_sp16,max,50,-9.98050492041716,0.00011685006125361497
crop_root_to_shoot_sp16,max,total,-873.7590869622724,0.2299690184180463
crop_slope_sp16,min,1,-224.38686737218725,-0.06935776607400612
crop_slope_sp16,min,2,19.05141086259573,0.023865879961640246
crop_slope_sp16,min,3,-32.848039606348166,0.010930715447976525
crop_slope_sp16,min,4,-25.25662842472302,0.005902197331028702
crop_slope_sp16,min,5,-21.530598507372545,0.003336984220219108
crop_slope_sp16,min,6,-2.9616006249203046,-0.09152735815688118
crop_slope_sp16,min,7,-13.56455090625358,-0.05549528278418947
crop_slope_sp16,min,8,-23.769166424870747,-0.03904345144475485
crop_slope_sp16,min,9,-17.92407607782012,-0.030161412609626126
crop_slope_sp16,min,10,-7.414073465154725,-0.025139719806099414
crop_slope_sp16,min,11,-0.7982602487852195,-0.022112766986183807
crop_slope_sp16,min,12,-23.619923508558376,-0.02012944656004123
crop_slope_sp16,min,13,-22.0864547092107,-0.018699936581860754
crop_slope_sp16,min,14,-21.580183106743547,-0.017573802011831674
crop_slope_sp16,min,15,1.758406384743271,-0.01661599497306465
crop_slope_sp16,min,16,-0.4078354927066439,-0.01576075213307604
crop_slope_sp16,min,17,-25.001142951541425,-0.014972368069667397
crop_slope_sp16,min,18,-23.393536102827852,-0.014231128656664538
crop_slope_sp16,min,19,-22.811203234114117,-0.013525153251030986
crop_slope_sp16,min,20,-22.717195040980634,-0.01285307985073203
crop_slope_sp16,min,21,1.3649140711220311,-0.012206216582081986
crop_slope_sp16,min,22,-30.8830372873272,-0.011583947736909295
crop_slope_sp16,min,23,-27.584714962342385,-0.010987456633568371
crop_slope_sp16,min,24,-26.029125211545804,-0.010412476087051203
crop_slope_sp16,min,25,-25.325576218755355,-0.009859292703886524
crop_slope_sp16,min,26,3.683171044745613,-0.009326383807210181
crop_slope_sp16,min,27,-34.45449537008232,-0.008812942992690864
crop_slope_sp16,min,28,-30.060705942098053,-0.008318620836611501
crop_slope_sp16,min,29,-27.799326680897995,-0.007848265740310723
crop_slope_sp16,min,30,-26.57027911970876,-0.007387312394264711
crop_slope_sp16,min,31,7.643431393029566,-0.006944874850628224
crop_slope_sp16,min,32,-35.54019831674868,-0.006520936045198766
crop_slope_sp16,min,33,-30.418711404559758,-0.0061116604185293966
crop_slope_sp16,min,34,-27.564172061858013,-0.005718474174091881
crop_slope_sp16,min,35,97.56681253286713,-0.005338866703425538
crop_slope_sp16,min,36,10.208064765430098,-0.004974707792319677
crop_slope_sp16,min,37,-15.984231317854597,-0.004622697345196158
crop_slope_sp16,min,38,-16.325470059107104,-0.004284000446858727
crop_slope_sp16,min,39,-16.25218978906402,-0.003959159562882064
crop_slope_sp16,min,40,-15.903927885807668,-0.0036461407576773297
crop_slope_sp16,min,41,18.12717051620704,-0.003342665902241748
crop_slope_sp16,min,42,-25.761674414877376,-0.003051938649743846
crop_slope_sp16,min,43,-19.93226958717521,-0.0027715464160813497
crop_slope_sp16,min,44,-16.49044748746357,-0.0025023125170342553
crop_slope_sp16,min,45,-14.234942862683754,-0.002243441655521039
crop_slope_sp16,min,46,23.25715765218566,-0.0019926737213893375
crop_slope_sp16,min,47,-23.082121670291592,-0.00175230596428122
crop_slope_sp16,min,48,-16.461504303231877,-0.0015201186983233583
crop_slope_sp16,min,49,-12.541017975914135,-0.001297221251139291
crop_slope_sp16,min,50,-9.981703813414725,-0.0010820429363125328
crop_slope_sp16,min,total,-874.5926403250028,-0.6035843443123667
crop_slope_sp16,max,1,-224.2481515967867,0.06935800932654956
crop_slope_sp16,max,2,19.003678956370422,-0.023866026263668516
crop_slope_sp16,max,3,-32.86990117417054,-0.010930852374400502
crop_slope_sp16,max,4,-25.26843299794592,-0.005902375891871259
crop_slope_sp16,max,5,-21.537272491238582,-0.0033369996458176843
crop_slope_sp16,max,6,-2.7785457537211613,0.09152751304226214
crop_slope_sp16,max,7,-13.453560217604121,0.05549540586526902
crop_slope_sp16,max,8,-23.691079558645534,0.03904341478045836
crop_slope_sp16,max,9,-17.86375324244665,0.0301614227638467
crop_slope_sp16,max,10,-7.3637940142154665,0.025139731133158705
crop_slope_sp16,max,11,-0.7540345587892854,0.022112923009750318
crop_slope_sp16,max,12,-23.579664286205535,0.02012977579279962
crop_slope_sp16,max,13,-22.049054096108026,0.018700676520811754
crop_slope_sp16,max,14,-21.545035908706943,0.017573396024772592
crop_slope_sp16,max,15,1.791635417022535,0.016613037306199452
crop_slope_sp16,max,16,-0.37631273596919,0.01576200460437782
crop_slope_sp16,max,17,-24.971199975415434,0.014970608056323442
crop_slope_sp16,max,18,-23.36507500862597,0.014229965545219159
crop_slope_sp16,max,19,-22.784152030292375,0.013526050570710879
crop_slope_sp16,max,20,-22.691490674130357,0.012851286999545408
crop_slope_sp16,max,21,1.3893258907552335,0.012205603051120395
crop_slope_sp16,max,22,-30.85986678837681,0.011586551213479623
crop_slope_sp16,max,23,-27.562739344750227,0.010988160958589788
crop_slope_sp16,max,24,-26.008300685727207,0.010412049731545636
crop_slope_sp16,max,25,-25.305857798392474,0.009859127658994993
crop_slope_sp16,max,26,3.701823574536204,0.009326145983380663
crop_slope_sp16,max,27,-34.43686817878807,0.008814248301561634
crop_slope_sp16,max,28,-30.044067033692336,0.008320287569105744
crop_slope_sp16,max,29,-27.783636823533147,0.007841591624536903
crop_slope_sp16,max,30,-26.555506832901823,0.007384974412673273
crop_slope_sp16,max,31,7.6573221188366585,0.006945850956464383
crop_slope_sp16,max,32,-35.5271569434251,0.006520437278382474
crop_slope_sp16,max,33,-30.406487386370745,0.0061123577704833565
crop_slope_sp16,max,34,-27.55273487488331,0.005718712800611314
crop_slope_sp16,max,35,97.57749189283003,0.005340493259467394
crop_slope_sp16,max,36,10.218013327606837,0.004973854384418885
crop_slope_sp16,max,37,-15.974985893350302,0.004622727159098616
crop_slope_sp16,max,38,-16.31690104647338,0.004285012186866055
crop_slope_sp16,max,39,-16.244272177162323,0.003958452338814311
crop_slope_sp16,max,40,-15.896636869863428,0.003644875186562757
crop_slope_sp16,max,41,18.133856523640667,0.0033433415313837145
crop_slope_sp16,max,42,-25.755569030579718,0.0030534456479145433
crop_slope_sp16,max,43,-19.92672581541787,0.002772225341256984
crop_slope_sp16,max,44,-16.48544259950388,0.002502575442655086
crop_slope_sp16,max,45,-14.230456483363215,0.002242937665018374
crop_slope_sp16,max,46,23.261143596640323,0.0019932707332728228
crop_slope_sp16,max,47,-23.078616914407696,0.0017524499196142074
crop_slope_sp16,max,48,-16.458464069576138,0.0015201149574153305
crop_slope_sp16,max,49,-12.53842370963696,0.0012970450260354482
crop_slope_sp16,max,50,-9.979539683453233,0.0010820870251802006
crop_slope_sp16,max,total,-873.3854760064082,0.6035799742821837
cy0_to_ceq_multiplier,min,1,-224.31750950593417,1.0017907925430336e-07
cy0_to_ceq_multiplier,min,2,19.027545065568958,8.293486786214999e-08
cy0_to_ceq_multiplier,min,3,-32.85897041577508,-9.397894018547959e-08
cy0_to_ceq_multiplier,min,4,-25.262530810800552,-1.8874650464795195e-07
cy0_to_ceq_multiplier,min,5,-21.533935585231525,-9.363876074530708e-08
cy0_to_ceq_multiplier,min,6,-2.8700732243981815,4.236524198120151e-08
cy0_to_ceq_multiplier,min,7,-13.509055683104044,-5.963465454783545e-08
cy0_to_ceq_multiplier,min,8,-23.730123044310613,-7.088462083970626e-08
cy0_to_ceq_multiplier,min,9,-17.89391460272077,6.248972539424358e-08
cy0_to_ceq_multiplier,min,10,-7.388933544058007,2.0129061795159942e-07
cy0_to_ceq_multiplier,min,11,-0.7761474547208942,2.7078141506819975e-08
cy0_to_ceq_multiplier,min,12,-23.599793822008763,2.399895713267597e-07
cy0_to_ceq_multiplier,min,13,-22.06775463500274,1.3762609896161848e-07
cy0_to_ceq_multiplier,min,14,-21.562609473714215,-1.689824991046862e-07
cy0_to_ceq_multiplier,min,15,1.7750217838774103,-5.958389253102325e-07
cy0_to_ceq_multiplier,min,16,-0.3920725320404439,2.2085331239374284e-06
cy0_to_ceq_multiplier,min,17,-24.986173034311395,-2.450839637901936e-06
cy0_to_ceq_multiplier,min,18,-23.379304342386618,6.317845695491542e-07
cy0_to_ceq_multiplier,min,19,-22.79767750705747,5.738056145787596e-07
cy0_to_ceq_multiplier,min,20,-22.704343918487616,-1.957357714132968e-06
cy0_to_ceq_multiplier,min,21,1.3771199262239113,-3.614802017715135e-07
cy0_to_ceq_multiplier,min,22,-30.871451427971202,1.911619087024974e-06
cy0_to_ceq_multiplier,min,23,-27.57372713680647,3.689023486685983e-07
cy0_to_ceq_multiplier,min,24,-26.018712738304643,-2.845890634262105e-09
cy0_to_ceq_multiplier,min,25,-25.31571668419382,2.4185764857520553e-07
cy0_to_ceq_multiplier,min,26,3.692496533688664,-8.948641592176898e-07
cy0_to_ceq_multiplier,min,27,-34.44568271461492,-2.8752528891118345e-07
cy0_to_ceq_multiplier,min,28,-30.05238671215071,6.091107316308353e-07
cy0_to_ceq_multiplier,min,29,-27.7914809973519,-2.582194216671496e-06
cy0_to_ceq_multiplier,min,30,-26.5628928461924,-1.0388779045911178e-06
cy0_to_ceq_multiplier,min,31,7.6503770096290165,7.417488223637747e-07
cy0_to_ceq_multiplier,min,32,-35.533678530149885,-1.1494464047245856e-06
cy0_to_ceq_multiplier,min,33,-30.412599794320315,-5.017908577542585e-08
cy0_to_ceq_multiplier,min,34,-27.55845305500426,5.326796603810635e-07
cy0_to_ceq_multiplier,min,35,97.57215190175337,5.021828144435858e-07
cy0_to_ceq_multiplier,min,36,10.213039057356353,-4.1586606513988045e-07
cy0_to_ceq_multiplier,min,37,-15.979608460887608,1.596217931165711e-07
cy0_to_ceq_multiplier,min,38,-16.32118615711496,-9.845471282687868e-08
cy0_to_ceq_multiplier,min,39,-16.248230634656487,-5.1553499247347645e-09
cy0_to_ceq_multiplier,min,40,-15.900282069852308,-3.248023165980385e-07
cy0_to_ceq_multiplier,min,41,18.130513354412436,1.7230315307870114e-07
cy0_to_ceq_multiplier,min,42,-25.758621413211255,1.0630163771452317e-06
cy0_to_ceq_multiplier,min,43,-19.92949792629112,1.1446800840531068e-07
cy0_to_ceq_multiplier,min,44,-16.487945295445822,-1.2049928699298107e-07
cy0_to_ceq_multiplier,min,45,-14.232699338629663,8.23985697451235e-08
cy0_to_ceq_multiplier,min,46,23.259150754987566,4.29080515118585e-07
cy0_to_ceq_multiplier,min,47,-23.08036913561625,2.2871105898047972e-07
cy0_to_ceq_multiplier,min,48,-16.459984336263144,-1.5172959066944713e-07
cy0_to_ceq_multiplier,min,49,-12.539721163627433,-4.08964437426107e-07
cy0_to_ceq_multiplier,min,50,-9.980621309798364,4.6068004877497515e-07
cy0_to_ceq_multiplier,min,total,-873.9890576270204,-1.646330019866582e-06
cy0_to_ceq_multiplier,max,1,-224.31750954458573,6.152751552690461e-08
cy0_to_ceq_multiplier,max,2,19.027545008653167,2.6019076670991126e-08
cy0_to_ceq_multiplier,max,3,-32.85897040091164,-7.911549460004608e-08
cy0_to_ceq_multiplier,max,4,-25.262530564788126,5.7265921782345686e-08
cy0_to_ceq_multiplier,max,5,-21.533935659599827,-1.6800706248432107e-07
cy0_to_ceq_multiplier,max,6,-2.8700730753296817,1.9143374174745986e-07
cy0_to_ceq_multiplier,max,7,-13.509055510150745,1.1331864513408618e-07
cy0_to_ceq_multiplier,max,8,-23.73012310223224,-1.2880624922217976e-07
cy0_to_ceq_multiplier,max,9,-17.893914688403576,-2.3193081233330304e-08
cy0_to_ceq_multiplier,max,10,-7.388933631553234,1.1379539088807178e-07
cy0_to_ceq_multiplier,max,11,-0.7761484851577309,-1.0033586952395979e-06
cy0_to_ceq_multiplier,max,12,-23.59979386625239,1.957459438983733e-07
cy0_to_ceq_multiplier,max,13,-22.067754132605963,6.400228755865101e-07
cy0_to_ceq_multiplier,max,14,-21.56261111264049,-1.807908773798772e-06
cy0_to_ceq_multiplier,max,15,1.7750201942689818,-2.185447353753034e-06
cy0_to_ceq_multiplier,max,16,-0.3920739257275905,8.148459773593686e-07
cy0_to_ceq_multiplier,max,17,-24.98617240756273,-1.8240909724909216e-06
cy0_to_ceq_multiplier,max,18,-23.37930493967598,3.449520846743326e-08
cy0_to_ceq_multiplier,max,19,-22.797678289582134,-2.0871904737873592e-07
cy0_to_ceq_multiplier,max,20,-22.704341788398203,1.7273169916620645e-07
cy0_to_ceq_multiplier,max,21,1.377120450799727,1.6309561390315253e-07
cy0_to_ceq_multiplier,max,22,-30.87145296806714,3.715231500223126e-07
cy0_to_ceq_multiplier,max,23,-27.573726526077298,9.796315190158111e-07
cy0_to_ceq_multiplier,max,24,-26.018713917963602,-1.182504849595034e-06
cy0_to_ceq_multiplier,max,25,-25.315715450091716,1.4759597526392554e-06
cy0_to_ceq_multiplier,max,26,3.6924964281761956,-1.0003766277577597e-06
cy0_to_ceq_multiplier,max,27,-34.44568158573318,8.413564458464862e-07
cy0_to_ceq_multiplier,max,28,-30.052386133881125,1.187380316736153e-06
cy0_to_ceq_multiplier,max,29,-27.791481128569142,-2.713411458188375e-06
cy0_to_ceq_multiplier,max,30,-26.562892354613943,-5.472994466515502e-07
cy0_to_ceq_multiplier,max,31,7.650375939908226,-3.279719678062065e-07
cy0_to_ceq_multiplier,max,32,-35.53367748520461,-1.0450113308024811e-07
cy0_to_ceq_multiplier,max,33,-30.412599034001545,7.10139683945954e-07
cy0_to_ceq_multiplier,max,34,-27.55845327364301,3.1404091060949213e-07
cy0_to_ceq_multiplier,max,35,97.57215197783452,5.782639647122778e-07
cy0_to_ceq_multiplier,max,36,10.213038621341848,-8.518805696411391e-07
cy0_to_ceq_multiplier,max,37,-15.979608954749995,-3.3424059431297337e-07
cy0_to_ceq_multiplier,max,38,-16.321185167341916,8.913183293657312e-07
cy0_to_ceq_multiplier,max,39,-16.248230412833276,2.1666786054197473e-07
cy0_to_ceq_multiplier,max,40,-15.900281894342093,-1.4929210223613154e-07
cy0_to_ceq_multiplier,max,41,18.130514184254483,1.0021452006014897e-06
cy0_to_ceq_multiplier,max,42,-25.758621582268148,8.939594842161114e-07
cy0_to_ceq_multiplier,max,43,-19.92949737794271,6.628164186395225e-07
cy0_to_ceq_multiplier,max,44,-16.487945154914172,2.0032363323707614e-08
cy0_to_ceq_multiplier,max,45,-14.232699315488517,1.0553971563354025e-07
cy0_to_ceq_multiplier,max,46,23.259150903964624,5.780575733638216e-07
cy0_to_ceq_multiplier,max,47,-23.080369668018335,-3.0369102432814543e-07
cy0_to_ceq_multiplier,max,48,-16.459984553309155,-3.687756020553934e-07
cy0_to_ceq_multiplier,max,49,-12.539720951647157,-1.969841605387046e-07
cy0_to_ceq_multiplier,max,50,-9.980621270708502,4.997699107889275e-07
cy0_to_ceq_multiplier,max,total,-873.9890575773666,-1.596676156623289e-06
litter_carbon,min,1,-224.285463622959,0.03204598315423368
litter_carbon,min,2,19.138554098067324,0.11100911543323377
litter_carbon,min,3,-32.7893523652784,0.06961795651774594
litter_carbon,min,4,-25.215097085536392,0.04743353651765503
litter_carbon,min,5,-21.498624682057617,0.035310809535147314
litter_carbon,min,6,-2.932705032817891,-0.06263176605446752
litter_carbon,min,7,-13.44951533839814,0.05954028507125031
litter_carbon,min,8,-23.689198994046734,0.04092397937925796
litter_carbon,min,9,-17.86304536524193,0.03086929996856469
litter_carbon,min,10,-7.363770781949045,0.025162963399580462
litter_carbon,min,11,-0.8455264895653261,-0.06937900776629036
litter_carbon,min,12,-23.545178998780518,0.05461506321781684
litter_carbon,min,13,-22.030757774856298,0.036996997772540396
litter_carbon,min,14,-21.535098509285945,0.027510795445770952
litter_carbon,min,15,1.797170538851267,0.02214815913493151
litter_carbon,min,16,-0.4642431947310133,-0.07216845415744544
litter_carbon,min,17,-24.934182672587145,0.05198791088461263
litter_carbon,min,18,-23.3448071965491,0.034497777622085835
litter_carbon,min,19,-22.772557999909935,0.025120080953151103
litter_carbon,min,20,-22.684487642684424,0.01985431844547847
litter_carbon,min,21,1.3027473354798258,-0.0743729522242873
litter_carbon,min,22,-30.82158593910646,0.04986740048382998
litter_carbon,min,23,-27.541270423918917,0.032457081789900144
litter_carbon,min,24,-25.99555704532094,0.023155690137812712
litter_carbon,min,25,-25.29775380630348,0.017963119747989253
litter_carbon,min,26,3.6163036062538017,-0.07619382229902172
litter_carbon,min,27,-34.39756825426338,0.04811417282624575
litter_carbon,min,28,-30.02161837310035,0.03076894816109288
litter_carbon,min,29,-27.769948200057033,0.02153021510065045
litter_carbon,min,30,-26.54649384027974,0.016397967034755823
litter_carbon,min,31,7.572675372188847,-0.07770089569134697
litter_carbon,min,32,-35.48701435980277,0.046663020900709284
litter_carbon,min,33,-30.383228102911996,0.029371641229232637
litter_carbon,min,34,-27.53826883269864,0.02018475498528005
litter_carbon,min,35,97.58725382782089,0.015102428250330036
litter_carbon,min,36,10.13409110862419,-0.07894836459822763
litter_carbon,min,37,-15.934146755127824,0.04546186538157748
litter_carbon,min,38,-16.292971056715274,0.02821500194497162
litter_carbon,min,39,-16.229159565988102,0.019071063513035114
litter_carbon,min,40,-15.886251697899734,0.014030047150257019
litter_carbon,min,41,18.050532228446333,-0.07998095366295033
litter_carbon,min,42,-25.714154913039977,0.044467563187655657
litter_carbon,min,43,-19.90224039689535,0.027257643863777048
litter_carbon,min,44,-16.469795978430678,0.018149196515857113
litter_carbon,min,45,-14.2195570249146,0.01314239611363277
litter_carbon,min,46,23.178314654209156,-0.08083567169789418
litter_carbon,min,47,-23.036724806625237,0.04364455770207343
litter_carbon,min,48,-16.43351900974979,0.026465174783762535
litter_carbon,min,49,-12.522334626180546,0.017386128482449692
litter_carbon,min,50,-9.968214132314696,0.012407638163717039
litter_carbon,min,total,-873.2753481189386,0.7137078617518
litter_carbon,max,1,-224.34955558926973,-0.032045983156479
litter_carbon,max,2,18.916535856607638,-0.11100912602645252
litter_carbon,max,3,-32.92858827749379,-0.06961795569764462
litter_carbon,max,4,-25.309964154121968,-0.047433532067920225
litter_carbon,max,5,-21.569246419412433,-0.03531092781966905
litter_carbon,max,6,-2.8074414646781403,0.06263180208528318
litter_carbon,max,7,-13.568595865750364,-0.0595402422809741
litter_carbon,max,8,-23.77104693104835,-0.040923957622357676
litter_carbon,max,9,-17.924783954028428,-0.030869288817932272
litter_carbon,max,10,-7.4140967029289815,-0.02516295758035625
litter_carbon,max,11,-0.7067684711001436,0.06937901069889207
litter_carbon,max,12,-23.654409123707406,-0.05461506170907171
litter_carbon,max,13,-22.104751769612854,-0.036996996984015595
litter_carbon,max,14,-21.590120099899526,-0.027510795167810187
litter_carbon,max,15,1.7528742208739043,-0.022148158842431265
litter_carbon,max,16,-0.3199062862858284,0.07216845428773944
litter_carbon,max,17,-25.038158494294887,-0.05198791082312937
litter_carbon,max,18,-23.413802751769225,-0.034497777598037516
litter_carbon,max,19,-22.822798161843565,-0.025120080980478576
litter_carbon,max,20,-22.72419627954151,-0.019854318411606897
litter_carbon,max,21,1.4514932399472635,0.07437295224315044
litter_carbon,max,22,-30.92132074006542,-0.049867400475129386
litter_carbon,max,23,-27.60618458749611,-0.03245708178729245
litter_carbon,max,24,-26.041868425402836,-0.023155689944083235
litter_carbon,max,25,-25.333680045859328,-0.017963119807859584
litter_carbon,max,26,3.768691250801354,0.07619382224853055
litter_carbon,max,27,-34.49379659995136,-0.04811417286173025
litter_carbon,max,28,-30.083156269440508,-0.030768948179066058
litter_carbon,max,29,-27.813008630335137,-0.021530215177453016
litter_carbon,max,30,-26.579289774344307,-0.016397967029810445
litter_carbon,max,31,7.7280771635862315,0.07770089570603744
litter_carbon,max,32,-35.58034040158735,-0.04666302088386942
litter_carbon,max,33,-30.441971385349984,-0.029371641208754795
litter_carbon,max,34,-27.57863834266352,-0.020184754979599262
litter_carbon,max,35,97.55704897130126,-0.015102428269301527
litter_carbon,max,36,10.291987837835913,0.07894836461349541
litter_carbon,max,37,-16.025070474011955,-0.045461853502553495
litter_carbon,max,38,-16.34940107199934,-0.02821501333909282
litter_carbon,max,39,-16.267301695197485,-0.0190710656963482
litter_carbon,max,40,-15.914311791485556,-0.014030046435564714
litter_carbon,max,41,18.210494136162353,0.07998095405307026
litter_carbon,max,42,-25.803090039161845,-0.04446756293421217
litter_carbon,max,43,-19.9567556844733,-0.027257643714172275
litter_carbon,max,44,-16.50609437137037,-0.018149196423834724
litter_carbon,max,45,-14.245841817098405,-0.013142396070172424
litter_carbon,max,46,23.339985997626357,0.08083567171930639
litter_carbon,max,47,-23.12401392202016,-0.04364455769285058
litter_carbon,max,48,-16.486449359311425,-0.026465174777872136
litter_carbon,max,49,-12.55710688311371,-0.0173861284507133
litter_carbon,max,50,-9.993029408646091,-0.012407638167678314
litter_carbon,max,total,-874.7027638424304,-0.7137078617399766
litter_nitrogen,min,1,-224.32561770611326,-0.008108100000015384
litter_nitrogen,min,2,19.01372260263409,-0.013822380000000578
litter_nitrogen,min,3,-32.87279270179615,-0.013822380000007684
litter_nitrogen,min,4,-25.27635300205405,-0.01382238000000413
litter_nitrogen,min,5,-21.547757871592765,-0.013822380000000578
litter_nitrogen,min,6,-2.8781813667634237,-0.008108100000000285
litter_nitrogen,min,7,-13.522878003469387,-0.013822379999997025
litter_nitrogen,min,8,-23.743945353425996,-0.01382238000000413
litter_nitrogen,min,9,-17.907737045210496,-0.013822380000000578
litter_nitrogen,min,10,-7.402756125348626,-0.013822380000000578
litter_nitrogen,min,11,-0.784255581799036,-0.008108100000000285
litter_nitrogen,min,12,-23.61361644199834,-0.01382238000000413
litter_nitrogen,min,13,-22.081577152628842,-0.01382238000000413
litter_nitrogen,min,14,-21.576431684731716,-0.013822380000000578
litter_nitrogen,min,15,1.761199999716335,-0.013822380000000578
litter_nitrogen,min,16,-0.4001828405735677,-0.00810809999999984
litter_nitrogen,min,17,-24.999992963471758,-0.013822380000000578
litter_nitrogen,min,18,-23.393127354171188,-0.013822380000000578
litter_nitrogen,min,19,-22.81150046086309,-0.01382238000000413
litter_nitrogen,min,20,-22.718164341129906,-0.01382238000000413
litter_nitrogen,min,21,1.3690121877041128,-0.008108100000000285
litter_nitrogen,min,22,-30.885275719590293,-0.01382238000000413
litter_nitrogen,min,23,-27.58754988570882,-0.01382238000000413
litter_nitrogen,min,24,-26.032535115458757,-0.01382238000000413
litter_nitrogen,min,25,-25.32953930605147,-0.013822380000000578
litter_nitrogen,min,26,3.684389328552823,-0.008108100000000285
litter_nitrogen,min,27,-34.45950480708964,-0.013822380000007684
litter_nitrogen,min,28,-30.066209701261442,-0.013822380000000578
litter_nitrogen,min,29,-27.805300795157688,-0.01382238000000413
litter_nitrogen,min,30,-26.5767141873145,-0.01382238000000413
litter_nitrogen,min,31,7.6422681678801965,-0.00810809999999762
litter_nitrogen,min,32,-35.54749976070348,-0.013822380000000578
litter_nitrogen,min,33,-30.426422124141233,-0.01382238000000413
litter_nitrogen,min,34,-27.572275967683925,-0.01382238000000413
litter_nitrogen,min,35,97.55832901957056,-0.013822379999993473
litter_nitrogen,min,36,10.204931373222419,-0.008108099999999396
litter_nitrogen,min,37,-15.993431000509402,-0.013822380000000578
litter_nitrogen,min,38,-16.335008438660246,-0.013822380000000578
litter_nitrogen,min,39,-16.262053009501138,-0.013822380000000578
litter_nitrogen,min,40,-15.914104125049992,-0.013822380000000578
litter_nitrogen,min,41,18.122405082109278,-0.008108100000004725
litter_nitrogen,min,42,-25.772444856227636,-0.01382238000000413
litter_nitrogen,min,43,-19.94332042075913,-0.013822380000000578
litter_nitrogen,min,44,-16.501767554946536,-0.013822380000000578
litter_nitrogen,min,45,-14.246521801028234,-0.013822380000000578
litter_nitrogen,min,46,23.251042225907046,-0.008108100000004725
litter_nitrogen,min,47,-23.094191744327315,-0.01382238000000413
litter_nitrogen,min,48,-16.47380656453355,-0.013822379999997025
litter_nitrogen,min,49,-12.553543134662997,-0.013822380000000578
litter_nitrogen,min,50,-9.994444150478413,-0.013822380000000578
litter_nitrogen,min,total,-874.6230321806905,-0.6339762000001201
litter_nitrogen,max,1,-224.30940150611326,0.008108099999986962
litter_nitrogen,max,2,19.04136736263409,0.013822380000000578
litter_nitrogen,max,3,-32.84514794179615,0.013822379999993473
litter_nitrogen,max,4,-25.24870824205405,0.013822379999997025
litter_nitrogen,max,5,-21.520113111592764,0.013822380000000578
litter_nitrogen,max,6,-2.8619651667634236,0.00810809999999984
litter_nitrogen,max,7,-13.49523324346939,0.013822380000000578
litter_nitrogen,max,8,-23.71630059342599,0.013822380000000578
litter_nitrogen,max,9,-17.880092285210495,0.013822380000000578
litter_nitrogen,max,10,-7.375111365348626,0.013822379999998802
litter_nitrogen,max,11,-0.7680393817990359,0.00810809999999984
litter_nitrogen,max,12,-23.585971681998334,0.013822380000000578
litter_nitrogen,max,13,-22.053932392628838,0.013822380000000578
litter_nitrogen,max,14,-21.548786924731715,0.013822380000000578
litter_nitrogen,max,15,1.7888447597163362,0.013822380000000578
litter_nitrogen,max,16,-0.383966640573568,0.00810809999999984
litter_nitrogen,max,17,-24.972348203471757,0.013822380000000578
litter_nitrogen,max,18,-23.365482594171187,0.013822380000000578
litter_nitrogen,max,19,-22.78385570086309,0.013822379999997025
litter_nitrogen,max,20,-22.6905195811299,0.013822380000000578
litter_nitrogen,max,21,1.3852283877041134,0.008108100000000285
litter_nitrogen,max,22,-30.85763095959029,0.013822380000000578
litter_nitrogen,max,23,-27.55990512570882,0.013822379999997025
litter_nitrogen,max,24,-26.004890355458755,0.013822379999997025
litter_nitrogen,max,25,-25.301894546051468,0.013822380000000578
litter_nitrogen,max,26,3.7006055285528237,0.008108100000000285
litter_nitrogen,max,27,-34.431860047089636,0.013822379999993473
litter_nitrogen,max,28,-30.03856494126144,0.013822380000000578
litter_nitrogen,max,29,-27.777656035157683,0.013822380000000578
litter_nitrogen,max,30,-26.549069427314496,0.013822380000000578
litter_nitrogen,max,31,7.658484367880195,0.008108100000001173
litter_nitrogen,max,32,-35.51985500070348,0.013822380000000578
litter_nitrogen,max,33,-30.398777364141228,0.013822380000000578
litter_nitrogen,max,34,-27.54463120768392,0.013822380000000578
litter_nitrogen,max,35,97.58597377957057,0.013822380000007684
litter_nitrogen,max,36,10.221147573222417,0.008108099999999396
litter_nitrogen,max,37,-15.965786240509402,0.013822379999998802
litter_nitrogen,max,38,-16.307363678660245,0.013822380000000578
litter_nitrogen,max,39,-16.23440824950114,0.013822379999997025
litter_nitrogen,max,40,-15.88645936504999,0.013822380000000578
litter_nitrogen,max,41,18.138621282109284,0.008108100000001173
litter_nitrogen,max,42,-25.74480009622763,0.013822380000000578
litter_nitrogen,max,43,-19.915675660759128,0.013822380000000578
litter_nitrogen,max,44,-16.47412279494654,0.013822379999997025
litter_nitrogen,max,45,-14.218877041028232,0.013822380000000578
litter_nitrogen,max,46,23.26725842590705,0.00810809999999762
litter_nitrogen,max,47,-23.06654698432731,0.013822380000000578
litter_nitrogen,max,48,-16.446161804533553,0.013822380000000578
litter_nitrogen,max,49,-12.525898374662997,0.013822379999998802
litter_nitrogen,max,50,-9.966799390478414,0.013822379999998802
litter_nitrogen,max,total,-873.3550797806904,0.6339762000000064
mortality_fraction_branch_delta,min,1,-224.31750960611325,0.0
mortality_fraction_branch_delta,min,2,19.02754498263409,0.0
mortality_fraction_branch_delta,min,3,-32.785094291922746,0.07387602987339648
mortality_fraction_branch_delta,min,4,-25.21565843999837,0.04687218205567589
mortality_fraction_branch_delta,min,5,-21.50119722202229,0.03273826957047277
mortality_fraction_branch_delta,min,6,-2.914150300270074,-0.04407703350665049
mortality_fraction_branch_delta,min,7,-13.465208122505512,0.043847500963877906
mortality_fraction_branch_delta,min,8,-23.70184891091422,0.028274062511773224
mortality_fraction_branch_delta,min,9,-17.870741182819998,0.023173482390497213
mortality_fraction_branch_delta,min,10,-7.368365603758145,0.020568141590480593
mortality_fraction_branch_delta,min,11,-0.8333666099579937,-0.05721912815895802
mortality_fraction_branch_delta,min,12,-23.559668793948777,0.040125268049557405
mortality_fraction_branch_delta,min,13,-22.038044170808128,0.02971060182071028
mortality_fraction_branch_delta,min,14,-21.538160803624187,0.024448501107528386
mortality_fraction_branch_delta,min,15,1.796811330566114,0.021788950849778388
mortality_fraction_branch_delta,min,16,-0.457834149065107,-0.06575940849153916
mortality_fraction_branch_delta,min,17,-24.944902120977492,0.041268462494265634
mortality_fraction_branch_delta,min,18,-23.348776986896105,0.030527987275082324
mortality_fraction_branch_delta,min,19,-22.772568514456875,0.025109566406211314
mortality_fraction_branch_delta,min,20,-22.68197874911631,0.02236321201359104
mortality_fraction_branch_delta,min,21,1.3045429592512092,-0.07257732845290388
mortality_fraction_branch_delta,min,22,-30.82077766356399,0.05067567602629808
mortality_fraction_branch_delta,min,23,-27.537200730827934,0.036526774880883295
mortality_fraction_branch_delta,min,24,-25.989422688613594,0.029290046845158457
mortality_fraction_branch_delta,min,25,-25.290180236048062,0.025536690003406193
mortality_fraction_branch_delta,min,26,3.6067014475739287,-0.08579598097889463
mortality_fraction_branch_delta,min,27,-34.38769262638198,0.05798980070765225
mortality_fraction_branch_delta,min,28,-30.011177580023514,0.0412097412379282
mortality_fraction_branch_delta,min,29,-27.75896054262875,0.03251787252893479
mortality_fraction_branch_delta,min,30,-26.534998463036782,0.027893344277714505
mortality_fraction_branch_delta,min,31,7.550220041754606,-0.10015622612558772
mortality_fraction_branch_delta,min,32,-35.46910935181533,0.0645680288881536
mortality_fraction_branch_delta,min,33,-30.36757073760078,0.0450290065404495
mortality_fraction_branch_delta,min,34,-27.523689617763768,0.03476396992015296
mortality_fraction_branch_delta,min,35,97.60130868946752,0.02915728989695765
mortality_fraction_branch_delta,min,36,10.095114618802967,-0.11792485441945111
mortality_fraction_branch_delta,min,37,-15.939392684727716,0.04021593578168492
mortality_fraction_branch_delta,min,38,-16.29274087331436,0.028445185345884028
mortality_fraction_branch_delta,min,39,-16.226021004026766,0.02220962547437111
mortality_fraction_branch_delta,min,40,-15.881620889009856,0.018660856040135343
mortality_fraction_branch_delta,min,41,18.02588682438165,-0.10462635772763207
mortality_fraction_branch_delta,min,42,-25.704395860004542,0.05422661622309022
mortality_fraction_branch_delta,min,43,-19.894380292631126,0.035117748128001836
mortality_fraction_branch_delta,min,44,-16.46307582106716,0.0248693538793745
mortality_fraction_branch_delta,min,45,-14.213622473268337,0.019076947759895546
mortality_fraction_branch_delta,min,46,23.14875715762595,-0.11039316828109946
mortality_fraction_branch_delta,min,47,-23.026248310973124,0.054121053354187154
mortality_fraction_branch_delta,min,48,-16.426226873816756,0.03375731071679766
mortality_fraction_branch_delta,min,49,-12.51696578158623,0.02275497307676666
mortality_fraction_branch_delta,min,50,-9.964147515805932,0.01647425467248098
mortality_fraction_branch_delta,min,total,-873.3978051456539,0.591250835036476
mortality_fraction_branch_delta,max,1,-224.31750960611325,0.0
mortality_fraction_branch_delta,max,2,19.02754498263409,0.0
mortality_fraction_branch_delta,max,3,-32.93284635192195,-0.07387603012580968
mortality_fraction_branch_delta,max,4,-25.309402803935583,-0.04687218188153608
mortality_fraction_branch_delta,max,5,-21.566673883226077,-0.0327383916333126
mortality_fraction_branch_delta,max,6,-2.825996198067398,0.044077068696025457
mortality_fraction_branch_delta,max,7,-13.552903081947004,-0.04384745847761451
mortality_fraction_branch_delta,max,8,-23.758397014344663,-0.028274040918670806
mortality_fraction_branch_delta,max,9,-17.91708813653767,-0.023173471327176287
mortality_fraction_branch_delta,max,10,-7.40950188095085,-0.02056813560222448
mortality_fraction_branch_delta,max,11,-0.7189283508237505,0.05721913097528519
mortality_fraction_branch_delta,max,12,-23.639919328599152,-0.04012526660081761
mortality_fraction_branch_delta,max,13,-22.097465373723526,-0.02971060109468837
mortality_fraction_branch_delta,max,14,-21.5870574474074,-0.02444814267568418
mortality_fraction_branch_delta,max,15,1.7532332683308827,-0.02178911138545292
mortality_fraction_branch_delta,max,16,-0.32631542155654447,0.06575931901702337
mortality_fraction_branch_delta,max,17,-25.027439096309443,-0.041268512837685734
mortality_fraction_branch_delta,max,18,-23.409832988635813,-0.030528014464625386
mortality_fraction_branch_delta,max,19,-22.822787661616374,-0.02510958075328773
mortality_fraction_branch_delta,max,20,-22.726705180638643,-0.02236321950874043
mortality_fraction_branch_delta,max,21,1.4496976122213616,0.07257732451724852
mortality_fraction_branch_delta,max,22,-30.922129017663643,-0.050675678073353936
mortality_fraction_branch_delta,max,23,-27.61025428163537,-0.03652677592655351
mortality_fraction_branch_delta,max,24,-26.048002782526567,-0.02929004706781413
mortality_fraction_branch_delta,max,25,-25.341253616493503,-0.02553669044203488
mortality_fraction_branch_delta,max,26,3.778293409291243,0.08579598073841943
mortality_fraction_branch_delta,max,27,-34.50367222792318,-0.05798980083355332
mortality_fraction_branch_delta,max,28,-30.093597062556423,-0.04120974129498123
mortality_fraction_branch_delta,max,29,-27.823996287618826,-0.032517872461141906
mortality_fraction_branch_delta,max,30,-26.590785151654377,-0.02789334433987989
mortality_fraction_branch_delta,max,31,7.75053249395936,0.10015622607916619
mortality_fraction_branch_delta,max,32,-35.598245409612424,-0.06456802890894409
mortality_fraction_branch_delta,max,33,-30.45762875068241,-0.04502900654118136
mortality_fraction_branch_delta,max,34,-27.593217557561236,-0.03476396987731434
mortality_fraction_branch_delta,max,35,97.54299410958971,-0.029157289980844325
mortality_fraction_branch_delta,max,36,10.330964327671827,0.11792485444940937
mortality_fraction_branch_delta,max,37,-16.019824542598812,-0.04021592208941094
mortality_fraction_branch_delta,max,38,-16.349631257432037,-0.028445198771791524
mortality_fraction_branch_delta,max,39,-16.270440259284193,-0.022209629783056073
mortality_fraction_branch_delta,max,40,-15.918942600013764,-0.018660854963773232
mortality_fraction_branch_delta,max,41,18.235139541056824,0.10462635894754158
mortality_fraction_branch_delta,max,42,-25.812849091681844,-0.054226615454211924
mortality_fraction_branch_delta,max,43,-19.964615788454488,-0.03511774769535947
mortality_fraction_branch_delta,max,44,-16.512814528575642,-0.024869353629107138
mortality_fraction_branch_delta,max,45,-14.251776368658849,-0.019076947630615848
mortality_fraction_branch_delta,max,46,23.369543494252916,0.11039316834586543
mortality_fraction_branch_delta,max,47,-23.13449041764987,-0.0541210533225609
mortality_fraction_branch_delta,max,48,-16.49374149521325,-0.03375731067969667
mortality_fraction_branch_delta,max,49,-12.562475727705579,-0.02275497304258245
mortality_fraction_branch_delta,max,50,-9.997096025152928,-0.01647425467451491
mortality_fraction_branch_delta,max,total,-874.580306815696,-0.5912508350055532
mortality_fraction_croot_delta,min,1,-224.31750960611325,0.0
mortality_fraction_croot_delta,min,2,19.02754498263409,0.0
mortality_fraction_croot_delta,min,3,-32.82904338037788,0.029926941418260355
mortality_fraction_croot_delta,min,4,-25.242733390521753,0.01979723153229429
mortality_fraction_croot_delta,min,5,-21.51937447309946,0.01456101849330338
mortality_fraction_croot_delta,min,6,-2.8581953654176533,0.011877901345770159
mortality_fraction_croot_delta,min,7,-13.49848703842753,0.010568585041859535
mortality_fraction_croot_delta,min,8,-23.721629859787406,0.00849311363858618
mortality_fraction_croot_delta,min,9,-17.885106762503632,0.008807902706863047
mortality_fraction_croot_delta,min,10,-7.379848449455727,0.009085295892898415
mortality_fraction_croot_delta,min,11,-0.768439372769985,0.007708109029050725
mortality_fraction_croot_delta,min,12,-23.59127199018252,0.008522071815814769
mortality_fraction_croot_delta,min,13,-22.058685834841516,0.00906893778732254
mortality_fraction_croot_delta,min,14,-21.55312908580659,0.009480218925126849
mortality_fraction_croot_delta,min,15,1.7848442035531544,0.009821823836818844
mortality_fraction_croot_delta,min,16,-0.385360183013709,0.006714557559858836
mortality_fraction_croot_delta,min,17,-24.977998207450547,0.008172376021210681
mortality_fraction_croot_delta,min,18,-23.3702410467751,0.00906392739608819
mortality_fraction_croot_delta,min,19,-22.788016794778923,0.009661286084163834
mortality_fraction_croot_delta,min,20,-22.69424114119714,0.010100819932763017
mortality_fraction_croot_delta,min,21,1.387576496060372,0.010456208356258934
mortality_fraction_croot_delta,min,22,-30.860687515127722,0.010765824462566798
mortality_fraction_croot_delta,min,23,-27.562678546346227,0.011048959362589983
mortality_fraction_croot_delta,min,24,-26.007397965200322,0.011314770258429974
mortality_fraction_croot_delta,min,25,-25.30414989150061,0.011567034550857613
mortality_fraction_croot_delta,min,26,3.7043041735065025,0.011806744953679171
mortality_fraction_croot_delta,min,27,-34.43364905766482,0.01203336942480604
mortality_fraction_croot_delta,min,28,-30.040141735410206,0.01224558585123603
mortality_fraction_croot_delta,min,29,-27.77903675596379,0.012441659193893173
mortality_fraction_croot_delta,min,30,-26.550272189850887,0.012619617463609956
mortality_fraction_croot_delta,min,31,7.6631536994460525,0.012777431565858421
mortality_fraction_croot_delta,min,32,-35.52076434712256,0.012913033580922217
mortality_fraction_croot_delta,min,33,-30.39957534108157,0.013024403059660017
mortality_fraction_croot_delta,min,34,-27.545343976017335,0.013109611666585863
mortality_fraction_croot_delta,min,35,97.58531823821919,0.013166838648629664
mortality_fraction_croot_delta,min,36,10.208197399049839,-0.004842074172579203
mortality_fraction_croot_delta,min,37,-15.977956520521714,0.0016520999876874498
mortality_fraction_croot_delta,min,38,-16.31612010272614,0.00506595593410708
mortality_fraction_croot_delta,min,39,-16.24136861121353,0.00686201828760602
mortality_fraction_croot_delta,min,40,-15.892504202705112,0.007777542344879151
mortality_fraction_croot_delta,min,41,18.138727933237604,0.00821475112832104
mortality_fraction_croot_delta,min,42,-25.750234709138297,0.008387767089335085
mortality_fraction_croot_delta,min,43,-19.921088764332502,0.008409276426625922
mortality_fraction_croot_delta,min,44,-16.47960674303681,0.008338431909724164
mortality_fraction_croot_delta,min,45,-14.22449295257815,0.008206468450083548
mortality_fraction_croot_delta,min,46,23.26718051984084,0.0080301939337879
mortality_fraction_croot_delta,min,47,-23.072550348169383,0.007819016157927905
mortality_fraction_croot_delta,min,48,-16.452405592512857,0.007578592020696107
mortality_fraction_croot_delta,min,49,-12.532408036471283,0.007312718191712975
mortality_fraction_croot_delta,min,50,-9.973597501015242,0.007024269463171251
mortality_fraction_croot_delta,min,total,-873.5104957426798,0.4785602380105729
mortality_fraction_croot_delta,max,1,-224.31750960611325,0.0
mortality_fraction_croot_delta,max,2,19.02754498263409,0.0
mortality_fraction_croot_delta,max,3,-32.888897263256595,-0.029926941460452383
mortality_fraction_croot_delta,max,4,-25.282327853458685,-0.019797231404638183
mortality_fraction_croot_delta,max,5,-21.548496632545984,-0.014561140953219365
mortality_fraction_croot_delta,max,6,-2.881951133269168,-0.011877866505744628
mortality_fraction_croot_delta,max,7,-13.51962416579504,-0.010568542325650299
mortality_fraction_croot_delta,max,8,-23.73861606531672,-0.008493091890727555
mortality_fraction_croot_delta,max,9,-17.90272255676613,-0.008807891555633773
mortality_fraction_croot_delta,max,10,-7.398019035164269,-0.00908528981564416
mortality_fraction_croot_delta,max,11,-0.7838555880015461,-0.00770810620251039
mortality_fraction_croot_delta,max,12,-23.608316132358524,-0.008522070360189815
mortality_fraction_croot_delta,max,13,-22.0768237096676,-0.009068937038762215
mortality_fraction_croot_delta,max,14,-21.57208952318202,-0.009480218450303113
mortality_fraction_croot_delta,max,15,1.7652005560560546,-0.009821823660280948
mortality_fraction_croot_delta,max,16,-0.39878929805711616,-0.006714557483548322
mortality_fraction_croot_delta,max,17,-24.99434295945457,-0.008172375982812952
mortality_fraction_croot_delta,max,18,-23.388368901559957,-0.0090639273887696
mortality_fraction_croot_delta,max,19,-22.80733936692456,-0.009661286061472651
mortality_fraction_croot_delta,max,20,-22.714442781047815,-0.010100819917912673
mortality_fraction_croot_delta,max,21,1.3666640793445706,-0.01045620835954253
mortality_fraction_croot_delta,max,22,-30.882219164053325,-0.010765824463035756
mortality_fraction_croot_delta,max,23,-27.584776465076825,-0.011048959368007871
mortality_fraction_croot_delta,max,24,-26.030027505559563,-0.011314770100810279
mortality_fraction_croot_delta,max,25,-25.327283960640987,-0.011567034589518244
mortality_fraction_croot_delta,max,26,3.6806906835504267,-0.011806745002396646
mortality_fraction_croot_delta,max,27,-34.45771579654414,-0.012033369454513831
mortality_fraction_croot_delta,max,28,-30.064632907110486,-0.012245585849044005
mortality_fraction_croot_delta,max,29,-27.80392007425549,-0.012441659097806479
mortality_fraction_croot_delta,max,30,-26.575511424852934,-0.012619617538437211
mortality_fraction_croot_delta,max,31,7.637598836275933,-0.01277743160426148
mortality_fraction_croot_delta,max,32,-35.546590414293625,-0.012913033590145062
mortality_fraction_croot_delta,max,33,-30.42562414718104,-0.013024403039811006
mortality_fraction_croot_delta,max,34,-27.571563199326796,-0.013109611642875052
mortality_fraction_croot_delta,max,35,97.55898456087421,-0.013166838696349714
mortality_fraction_croot_delta,max,36,10.217881547397708,0.004842074175289923
mortality_fraction_croot_delta,max,37,-15.98126072049641,-0.0016520999870088815
mortality_fraction_croot_delta,max,38,-16.326252014601543,-0.005065955941297773
mortality_fraction_croot_delta,max,39,-16.255092650552832,-0.006862021051695422
mortality_fraction_croot_delta,max,40,-15.908059286472067,-0.007777541422075984
mortality_fraction_croot_delta,max,41,18.122298431792785,-0.008214750316497543
mortality_fraction_croot_delta,max,42,-25.76701024284374,-0.008387766616106518
mortality_fraction_croot_delta,max,43,-19.93790731693006,-0.008409276170930013
mortality_fraction_croot_delta,max,44,-16.49628360668405,-0.008338431737513474
mortality_fraction_croot_delta,max,45,-14.240905889411252,-0.008206468383018972
mortality_fraction_croot_delta,max,46,23.251120132002544,-0.008030193904506433
mortality_fraction_croot_delta,max,47,-23.088188380469862,-0.00781901614255176
mortality_fraction_croot_delta,max,48,-16.46756277654424,-0.007578592010688112
mortality_fraction_croot_delta,max,49,-12.547033472684841,-0.007312718021845299
mortality_fraction_croot_delta,max,50,-9.987646040056637,-0.007024269578224107
mortality_fraction_croot_delta,max,total,-874.4676162186539,-0.47856023796350655
mortality_fraction_froot_delta,min,1,-224.31750960611325,0.0
mortality_fraction_froot_delta,min,2,19.02754498263409,0.0
mortality_fraction_froot_delta,min,3,-32.84286063803627,0.016109683759871984
mortality_fraction_froot_delta,min,4,-25.25209347024589,0.010437151808158518
mortality_fraction_froot_delta,min,5,-21.52644444454869,0.00749104704407344
mortality_fraction_froot_delta,min,6,-2.8641063171094463,0.005966949653977149
mortality_fraction_froot_delta,min,7,-13.503848330435666,0.005207293033723914
mortality_fraction_froot_delta,min,8,-23.72607510833163,0.004047865094360503
mortality_fraction_froot_delta,min,9,-17.88972246758212,0.0041921976283738616
mortality_fraction_froot_delta,min,10,-7.384619328047686,0.00431441730093951
mortality_fraction_froot_delta,min,11,-0.772603069086558,0.0035444127124777403
mortality_fraction_froot_delta,min,12,-23.595829506812546,0.003964555185788754
mortality_fraction_froot_delta,min,13,-22.063520196102512,0.00423457652632564
mortality_fraction_froot_delta,min,14,-21.558181518282268,0.004427786449447524
mortality_fraction_froot_delta,min,15,1.7796033122953272,0.0045809325789916144
mortality_fraction_froot_delta,min,16,-0.3891990541007946,0.0028756864727732534
mortality_fraction_froot_delta,min,17,-24.98251917905442,0.003651404417336579
mortality_fraction_froot_delta,min,18,-23.375194572934646,0.004110401236541605
mortality_fraction_froot_delta,min,19,-22.79327371002405,0.004404370839036886
mortality_fraction_froot_delta,min,20,-22.699732590672212,0.004609370457689721
mortality_fraction_froot_delta,min,21,1.3818868108560465,0.004766523151933377
mortality_fraction_froot_delta,min,22,-30.866556058864667,0.004897280725622011
mortality_fraction_froot_delta,min,23,-27.568715037539224,0.005012468169592665
mortality_fraction_froot_delta,min,24,-26.013595463763195,0.00511727169555698
mortality_fraction_froot_delta,min,25,-25.31050303726186,0.0052138887896084896
mortality_fraction_froot_delta,min,26,3.697800403731591,0.005302975178767433
mortality_fraction_froot_delta,min,27,-34.44029808033704,0.005384346752592251
mortality_fraction_froot_delta,min,28,-30.046929932227332,0.005457389034109639
mortality_fraction_froot_delta,min,29,-27.78595714825808,0.00552126689960275
mortality_fraction_froot_delta,min,30,-26.557316784914693,0.005575022399803231
mortality_fraction_froot_delta,min,31,7.655993941679437,0.00561767379924305
mortality_fraction_froot_delta,min,32,-35.52802915552492,0.005648225178561006
mortality_fraction_froot_delta,min,33,-30.406934030923484,0.005665713217744894
mortality_fraction_froot_delta,min,34,-27.552784356975447,0.005669230708473805
mortality_fraction_froot_delta,min,35,97.57780933354906,0.005657933978497454
mortality_fraction_froot_delta,min,36,10.208961490278234,-0.004077982944183489
mortality_fraction_froot_delta,min,37,-15.980099552123365,-0.000490931613963852
mortality_fraction_froot_delta,min,38,-16.31980591129578,0.00138014736446479
mortality_fraction_froot_delta,min,39,-16.245880010898116,0.002350618603021104
mortality_fraction_froot_delta,min,40,-15.897450179806611,0.0028315652433796856
mortality_fraction_froot_delta,min,41,18.133560497844996,0.003047315735713596
mortality_fraction_froot_delta,min,42,-25.7555051382446,0.0031173379830313763
mortality_fraction_froot_delta,min,43,-19.926393490814526,0.0031045499446022973
mortality_fraction_froot_delta,min,44,-16.484903156251402,0.0030420186951332084
mortality_fraction_froot_delta,min,45,-14.22975218311198,0.002947237916252732
mortality_fraction_froot_delta,min,46,23.2619799729033,0.0028296469962505455
mortality_fraction_froot_delta,min,47,-23.077674817064143,0.00269454726316809
mortality_fraction_froot_delta,min,48,-16.457439048906558,0.0025451356269954317
mortality_fraction_froot_delta,min,49,-12.537337196467861,0.002383558195134583
mortality_fraction_froot_delta,min,50,-9.978410336971567,0.002211433506845495
mortality_fraction_froot_delta,min,total,-873.7804624702951,0.20859351039530338
mortality_fraction_froot_delta,max,1,-224.31750960611325,0.0
mortality_fraction_froot_delta,max,2,19.02754498263409,0.0
mortality_fraction_froot_delta,max,3,-32.87508000556925,-0.016109683773109396
mortality_fraction_froot_delta,max,4,-25.272967773892873,-0.010437151838825542
mortality_fraction_froot_delta,max,5,-21.541426660699077,-0.007491169106312867
mortality_fraction_froot_delta,max,6,-2.876040181720745,-0.005966914957321379
mortality_fraction_froot_delta,max,7,-13.514262873843183,-0.005207250373793215
mortality_fraction_froot_delta,max,8,-23.734170816805843,-0.0040478433798512015
mortality_fraction_froot_delta,max,9,-17.898106851698273,-0.00419218648777786
mortality_fraction_froot_delta,max,10,-7.393248156564443,-0.0043144112158177705
mortality_fraction_froot_delta,max,11,-0.7796918916969577,-0.0035444098979220406
mortality_fraction_froot_delta,max,12,-23.60375861573817,-0.003964553739834287
mortality_fraction_froot_delta,max,13,-22.071989348409186,-0.004234575780348138
mortality_fraction_froot_delta,max,14,-21.567037090854452,-0.004427786122736421
mortality_fraction_froot_delta,max,15,1.7704414473733872,-0.0045809323429484294
mortality_fraction_froot_delta,max,16,-0.3949504269331392,-0.002875686359571361
mortality_fraction_froot_delta,max,17,-24.98982198783042,-0.0036514043586635125
mortality_fraction_froot_delta,max,18,-23.383415375387617,-0.004110401216429693
mortality_fraction_froot_delta,max,19,-22.802082451646058,-0.004404370782971512
mortality_fraction_froot_delta,max,20,-22.708951331592072,-0.004609370462169693
mortality_fraction_froot_delta,max,21,1.3723537645463169,-0.004766523157796243
mortality_fraction_froot_delta,max,22,-30.87635062031698,-0.004897280726691378
mortality_fraction_froot_delta,max,23,-27.57873997387757,-0.005012468168754225
mortality_fraction_froot_delta,max,24,-26.023830007046403,-0.005117271587650407
mortality_fraction_froot_delta,max,25,-25.320930814876977,-0.005213888825508661
mortality_fraction_froot_delta,max,26,3.6871944533421144,-0.005302975210708993
mortality_fraction_froot_delta,max,27,-34.451066773861356,-0.0053843467717271665
mortality_fraction_froot_delta,max,28,-30.057844710275223,-0.005457389013781011
mortality_fraction_froot_delta,max,29,-27.796999682000177,-0.005521266842492878
mortality_fraction_froot_delta,max,30,-26.56846682976756,-0.005575022453061962
mortality_fraction_froot_delta,max,31,7.644758594054116,-0.005617673826078473
mortality_fraction_froot_delta,max,32,-35.53932560589084,-0.005648225187357525
mortality_fraction_froot_delta,max,33,-30.418265457352458,-0.0056657132112292174
mortality_fraction_froot_delta,max,34,-27.564122818469144,-0.005669230785223078
mortality_fraction_froot_delta,max,35,97.56649346556308,-0.005657934007473386
mortality_fraction_froot_delta,max,36,10.217117456225587,0.004077983003169194
mortality_fraction_froot_delta,max,37,-15.97911768887819,0.0004909316312105005
mortality_fraction_froot_delta,max,38,-16.322566206023666,-0.001380147363420292
mortality_fraction_froot_delta,max,39,-16.250581248280017,-0.002350618778880431
mortality_fraction_froot_delta,max,40,-15.903113310302231,-0.0028315652522401535
mortality_fraction_froot_delta,max,41,18.127465866457932,-0.003047315651350857
mortality_fraction_froot_delta,max,42,-25.76173981415913,-0.0031173379314992644
mortality_fraction_froot_delta,max,43,-19.93260259068616,-0.0031045499270305754
mortality_fraction_froot_delta,max,44,-16.49098719360973,-0.0030420186631943125
mortality_fraction_froot_delta,max,45,-14.235646658934115,-0.0029472379058823606
mortality_fraction_froot_delta,max,46,23.256320678912257,-0.002829646994793933
mortality_fraction_froot_delta,max,47,-23.08306391158949,-0.0026945472621804356
mortality_fraction_froot_delta,max,48,-16.462529320159714,-0.002545135626160544
mortality_fraction_froot_delta,max,49,-12.542104312806234,-0.002383558143238318
mortality_fraction_froot_delta,max,50,-9.98283320402137,-0.002211433542957053
mortality_fraction_froot_delta,max,total,-874.1976494910708,-0.2085935103804104
mortality_fraction_leaf_delta,min,1,-224.31750960611325,0.0
mortality_fraction_leaf_delta,min,2,19.02754498263409,0.0
mortality_fraction_leaf_delta,min,3,-32.83584809127534,0.023122230520804976
mortality_fraction_leaf_delta,min,4,-25.247507063643923,0.015023558410124593
mortality_fraction_leaf_delta,min,5,-21.523115425955677,0.010820065637087595
mortality_fraction_leaf_delta,min,6,-2.8849045150529475,-0.01483124828952409
mortality_fraction_leaf_delta,min,7,-13.493742833239018,0.015312790230371576
mortality_fraction_leaf_delta,min,8,-23.720073138764157,0.010049834661835177
mortality_fraction_leaf_delta,min,9,-17.88553394072232,0.008380724488176838
mortality_fraction_leaf_delta,min,10,-7.381381800297799,0.0075519450508263475
mortality_fraction_leaf_delta,min,11,-0.7972352380024494,-0.021087756203413743
mortality_fraction_leaf_delta,min,12,-23.58464344687724,0.015150615121093836
mortality_fraction_leaf_delta,min,13,-22.0565094340176,0.01124533861123922
mortality_fraction_leaf_delta,min,14,-21.5533242654018,0.00928503932991731
mortality_fraction_leaf_delta,min,15,1.7833288530626987,0.008306473346363141
mortality_fraction_leaf_delta,min,16,-0.41797968280065545,-0.025904942227087613
mortality_fraction_leaf_delta,min,17,-24.969899286333906,0.016271297137851803
mortality_fraction_leaf_delta,min,18,-23.367333953252217,0.01197102091897051
mortality_fraction_leaf_delta,min,19,-22.787872004498073,0.009806076365013183
mortality_fraction_leaf_delta,min,20,-22.695628931020963,0.008713030108939535
mortality_fraction_leaf_delta,min,21,1.347199157207155,-0.029921130496957993
mortality_fraction_leaf_delta,min,22,-30.850873014261026,0.020580325329262905
mortality_fraction_leaf_delta,min,23,-27.55904334779838,0.014684157910437534
mortality_fraction_leaf_delta,min,24,-26.0070416076472,0.011671127811553106
mortality_fraction_leaf_delta,min,25,-25.305605185299775,0.010111740751693077
mortality_fraction_leaf_delta,min,26,3.6559435575779715,-0.036553870974851854
mortality_fraction_leaf_delta,min,27,-34.42156485569121,0.024117571398420523
mortality_fraction_leaf_delta,min,28,-30.03546826159607,0.01691905966537277
mortality_fraction_leaf_delta,min,29,-27.77828082604919,0.013197589108493446
mortality_fraction_leaf_delta,min,30,-26.551665395336464,0.011226411978032758
mortality_fraction_leaf_delta,min,31,7.606555636605622,-0.043820631274572364
mortality_fraction_leaf_delta,min,32,-35.506191892920995,0.027485487782485052
mortality_fraction_leaf_delta,min,33,-30.39369623126746,0.018903512873770012
mortality_fraction_leaf_delta,min,34,-27.54404068923637,0.014412898447552891
mortality_fraction_leaf_delta,min,35,97.58413138015159,0.011979980581031668
mortality_fraction_leaf_delta,min,36,10.160252675026744,-0.05278679819567422
mortality_fraction_leaf_delta,min,37,-15.96211843510205,0.017490185407350367
mortality_fraction_leaf_delta,min,38,-16.30899738901372,0.012188669646526762
mortality_fraction_leaf_delta,min,39,-16.238825461904085,0.0094051675970519
mortality_fraction_leaf_delta,min,40,-15.892435048102005,0.007846696947986231
mortality_fraction_leaf_delta,min,41,18.08247755136961,-0.04803563073967254
mortality_fraction_leaf_delta,min,42,-25.734068960018355,0.02455351620927715
mortality_fraction_leaf_delta,min,43,-19.913760088018655,0.01573795274047285
mortality_fraction_leaf_delta,min,44,-16.476898441510475,0.011046733436060663
mortality_fraction_leaf_delta,min,45,-14.224268363500762,0.008431057527470642
mortality_fraction_leaf_delta,min,46,23.206974427591017,-0.0521758983160332
mortality_fraction_leaf_delta,min,47,-23.054837935244343,0.02553142908296735
mortality_fraction_leaf_delta,min,48,-16.444136076192994,0.01584810834055972
mortality_fraction_leaf_delta,min,49,-12.529059165185558,0.010661589477438227
mortality_fraction_leaf_delta,min,50,-9.972878849404243,0.007742921074170184
mortality_fraction_leaf_delta,min,total,-873.7713899563443,0.21766602434615834
mortality_fraction_leaf_delta,max,1,-224.31750960611325,0.0
mortality_fraction_leaf_delta,max,2,19.02754498263409,0.0
mortality_fraction_leaf_delta,max,3,-32.882092552343735,-0.023122230547592437
mortality_fraction_leaf_delta,max,4,-25.27755418036327,-0.015023558309223972
mortality_fraction_leaf_delta,max,5,-21.54475567950005,-0.010820187907285117
mortality_fraction_leaf_delta,max,6,-2.855241983669669,0.014831283093754255
mortality_fraction_leaf_delta,max,7,-13.524368371044282,-0.015312747574892427
mortality_fraction_leaf_delta,max,8,-23.740172786376647,-0.010049812950654768
mortality_fraction_leaf_delta,max,9,-17.902295378557056,-0.008380713346561208
mortality_fraction_leaf_delta,max,10,-7.396485684479535,-0.007551939130909346
mortality_fraction_leaf_delta,max,11,-0.7550597227137716,0.021087759085264057
mortality_fraction_leaf_delta,max,12,-23.61494467563374,-0.015150613635405819
mortality_fraction_leaf_delta,max,13,-22.07900011047469,-0.011245337845853243
mortality_fraction_leaf_delta,max,14,-21.571894343677997,-0.009285038946281077
mortality_fraction_leaf_delta,max,15,1.7667159066177387,-0.00830647309859689
mortality_fraction_leaf_delta,max,16,-0.36616979824953777,0.025904942324030067
mortality_fraction_leaf_delta,max,17,-25.00244188056209,-0.016271297090330705
mortality_fraction_leaf_delta,max,18,-23.391275995075958,-0.011971020904770313
mortality_fraction_leaf_delta,max,19,-22.807484157203792,-0.009806076340705516
mortality_fraction_leaf_delta,max,20,-22.713054991227065,-0.008713030097162289
mortality_fraction_leaf_delta,max,21,1.4070414182008126,0.029921130496699533
mortality_fraction_leaf_delta,max,22,-30.89203366491924,-0.020580325328950266
mortality_fraction_leaf_delta,max,23,-27.588411663615343,-0.014684157906525996
mortality_fraction_leaf_delta,max,24,-26.03038386325051,-0.011671127791757385
mortality_fraction_leaf_delta,max,25,-25.32582866679665,-0.010111740745180953
mortality_fraction_leaf_delta,max,26,3.7290512995164167,0.036553870963593305
mortality_fraction_leaf_delta,max,27,-34.46979999849624,-0.02411757140661308
mortality_fraction_leaf_delta,max,28,-30.06930638094135,-0.016919059679906923
mortality_fraction_leaf_delta,max,29,-27.804676004188906,-0.013197589031221924
mortality_fraction_leaf_delta,max,30,-26.574118219337084,-0.01122641202258734
mortality_fraction_leaf_delta,max,31,7.69419689913356,0.043820631253366216
mortality_fraction_leaf_delta,max,32,-35.56116286848924,-0.027485487785760654
mortality_fraction_leaf_delta,max,33,-30.431503257024584,-0.018903512883355233
mortality_fraction_leaf_delta,max,34,-27.57286648609828,-0.014412898414359887
mortality_fraction_leaf_delta,max,35,97.56017141895961,-0.011979980610945518
mortality_fraction_leaf_delta,max,36,10.26582627142685,0.05278679820443166
mortality_fraction_leaf_delta,max,37,-15.997098803124887,-0.01749018261548585
mortality_fraction_leaf_delta,max,38,-16.333374731049553,-0.012188672389306987
mortality_fraction_leaf_delta,max,39,-16.257635800043563,-0.009405170542425623
mortality_fraction_leaf_delta,max,40,-15.908128440687967,-0.007846695637976353
mortality_fraction_leaf_delta,max,41,18.178548813556873,0.04803563144758982
mortality_fraction_leaf_delta,max,42,-25.783175992037464,-0.02455351580983134
mortality_fraction_leaf_delta,max,43,-19.945235993280953,-0.01573795252182464
mortality_fraction_leaf_delta,max,44,-16.498991908257594,-0.011046733311058432
mortality_fraction_leaf_delta,max,45,-14.241130478491247,-0.008431057463013758
mortality_fraction_leaf_delta,max,46,23.31132622425408,0.052175898347030625
mortality_fraction_leaf_delta,max,47,-23.10590079339449,-0.02553142906717909
mortality_fraction_leaf_delta,max,48,-16.475832292863636,-0.015848108330082766
mortality_fraction_leaf_delta,max,49,-12.55038234409338,-0.01066158943038431
mortality_fraction_leaf_delta,max,50,-9.988364691605993,-0.007742921127579905
mortality_fraction_leaf_delta,max,total,-874.2067220050542,-0.2176660243637798
mortality_fraction_stem_delta,min,1,-224.31750960611325,0.0
mortality_fraction_stem_delta,min,2,19.02754498263409,0.0
mortality_fraction_stem_delta,min,3,-32.694536578624835,0.16443374317130832
mortality_fraction_stem_delta,min,4,-25.151756426375982,0.11077419567806501
mortality_fraction_stem_delta,min,5,-21.45072289993144,0.08321259166132577
mortality_fraction_stem_delta,min,6,-2.972202182367919,-0.10212891560449577
mortality_fraction_stem_delta,min,7,-13.391302835834992,0.117752787634398
mortality_fraction_stem_delta,min,8,-23.649394877937837,0.08072809548815485
mortality_fraction_stem_delta,min,9,-17.824391279278952,0.06952338593154295
mortality_fraction_stem_delta,min,10,-7.324691301039012,0.06424244430961323
mortality_fraction_stem_delta,min,11,-0.9273826930762992,-0.15123521127726347
mortality_fraction_stem_delta,min,12,-23.478677046055395,0.12111701594293933
mortality_fraction_stem_delta,min,13,-21.974844544412708,0.09291022821613026
mortality_fraction_stem_delta,min,14,-21.48359258558775,0.07901671914396502
mortality_fraction_stem_delta,min,15,1.8473736568017527,0.07235127708541711
mortality_fraction_stem_delta,min,16,-0.5825715248902261,-0.19049678431665829
mortality_fraction_stem_delta,min,17,-24.85352515257476,0.13264543089699643
mortality_fraction_stem_delta,min,18,-23.27845135509417,0.10085361907701795
mortality_fraction_stem_delta,min,19,-22.712572143985618,0.08510593687746848
mortality_fraction_stem_delta,min,20,-22.626924460692933,0.07741750043696882
mortality_fraction_stem_delta,min,21,1.1539073231007966,-0.22321296460331652
mortality_fraction_stem_delta,min,22,-30.702649713100588,0.16880362648970149
mortality_fraction_stem_delta,min,23,-27.449208393794457,0.12451911191435983
mortality_fraction_stem_delta,min,24,-25.916549893644966,0.10216284181378654
mortality_fraction_stem_delta,min,25,-25.224849426591042,0.09086749946042616
mortality_fraction_stem_delta,min,26,3.4168727230935523,-0.2756247054592711
mortality_fraction_stem_delta,min,27,-34.246100968954586,0.19958145813504302
mortality_fraction_stem_delta,min,28,-29.9074502416708,0.1449370795906404
mortality_fraction_stem_delta,min,29,-27.67450143632495,0.11697697883273506
mortality_fraction_stem_delta,min,30,-26.460439029049528,0.10245277826496846
mortality_fraction_stem_delta,min,31,7.317173491640208,-0.33320277623998606
mortality_fraction_stem_delta,min,32,-35.30418901501379,0.22948836568969
mortality_fraction_stem_delta,min,33,-30.248839594734683,0.1637601494065457
mortality_fraction_stem_delta,min,34,-27.428789617021526,0.12966397066239566
mortality_fraction_stem_delta,min,35,97.68362809597713,0.11147669640656943
mortality_fraction_stem_delta,min,36,9.807538719131115,-0.40550075409130315
mortality_fraction_stem_delta,min,37,-15.827429173131042,0.15217944737835865
mortality_fraction_stem_delta,min,38,-16.20985626711295,0.11132979154729483
mortality_fraction_stem_delta,min,39,-16.158119855011424,0.0901107744897125
mortality_fraction_stem_delta,min,40,-15.82184340775484,0.07843833729515026
mortality_fraction_stem_delta,min,41,17.759717617820925,-0.3707955642883576
mortality_fraction_stem_delta,min,42,-25.548007865473135,0.21061461075449728
mortality_fraction_stem_delta,min,43,-19.78762316024615,0.14187488051297947
mortality_fraction_stem_delta,min,44,-16.382448578505244,0.1054965964412915
mortality_fraction_stem_delta,min,45,-14.147304208375377,0.08539521265285543
mortality_fraction_stem_delta,min,46,22.853088803982754,-0.4060615219242969
mortality_fraction_stem_delta,min,47,-22.858559556516724,0.2218098078105868
mortality_fraction_stem_delta,min,48,-16.31445307403489,0.14553111049866274
mortality_fraction_stem_delta,min,49,-12.434886758068387,0.10483399659460879
mortality_fraction_stem_delta,min,50,-9.89855324107454,0.08206852940387321
mortality_fraction_stem_delta,min,total,-871.7808565548974,2.2081994257930546
mortality_fraction_stem_delta,max,1,-224.31750960611325,0.0
mortality_fraction_stem_delta,max,2,19.02754498263409,0.0
mortality_fraction_stem_delta,max,3,-33.02340402524707,-0.1644337034509249
mortality_fraction_stem_delta,max,4,-25.373304827098092,-0.110774205044045
mortality_fraction_stem_delta,max,5,-21.61714822343539,-0.08321273184262523
mortality_fraction_stem_delta,max,6,-2.7679443213431654,0.10212894542025808
mortality_fraction_stem_delta,max,7,-13.626808371926057,-0.11775274845666672
mortality_fraction_stem_delta,max,8,-23.810851049045088,-0.08072807561909556
mortality_fraction_stem_delta,max,9,-17.963438041021085,-0.06952337581058998
mortality_fraction_stem_delta,max,10,-7.453176179592912,-0.06424243424428688
mortality_fraction_stem_delta,max,11,-0.6249122700353844,0.1512352117636513
mortality_fraction_stem_delta,max,12,-23.72091107775127,-0.12111701575293665
mortality_fraction_stem_delta,max,13,-22.160665001178796,-0.09291022854995745
mortality_fraction_stem_delta,max,14,-21.641625604869517,-0.07901630013780192
mortality_fraction_stem_delta,max,15,1.702670915511593,-0.07235146420474248
mortality_fraction_stem_delta,max,16,-0.2015780614142484,0.19049667915931945
mortality_fraction_stem_delta,max,17,-25.118816073482446,-0.13264549001068815
mortality_fraction_stem_delta,max,18,-23.480158625089736,-0.10085365091854825
mortality_fraction_stem_delta,max,19,-22.882784033869463,-0.08510595300637647
mortality_fraction_stem_delta,max,20,-22.781759470346756,-0.07741750921685409
mortality_fraction_stem_delta,max,21,1.6003332472695138,0.22321295956540066
mortality_fraction_stem_delta,max,22,-31.040256947128242,-0.16880360753795287
mortality_fraction_stem_delta,max,23,-27.69824662723145,-0.12451912152263134
mortality_fraction_stem_delta,max,24,-26.120875582379345,-0.10216284692059219
mortality_fraction_stem_delta,max,25,-25.406584429619915,-0.09086750356844675
mortality_fraction_stem_delta,max,26,3.9681221314162545,0.2756247028634311
mortality_fraction_stem_delta,max,27,-34.64526388661249,-0.19958145952286088
mortality_fraction_stem_delta,max,28,-30.19732440161148,-0.1449370803500365
mortality_fraction_stem_delta,max,29,-27.908455393352323,-0.11697697819463926
mortality_fraction_stem_delta,max,30,-26.66534458595818,-0.10245277864368418
mortality_fraction_stem_delta,max,31,7.983579043631735,0.3332027757515412
mortality_fraction_stem_delta,max,32,-35.76316574665203,-0.22948836594854782
mortality_fraction_stem_delta,max,33,-30.57635989346998,-0.16376014932875194
mortality_fraction_stem_delta,max,34,-27.68811712787019,-0.12966354018626802
mortality_fraction_stem_delta,max,35,97.46067451544903,-0.11147688412152945
mortality_fraction_stem_delta,max,36,10.618540115448488,0.40550064222606963
mortality_fraction_stem_delta,max,37,-16.131788056295164,-0.15217943578576332
mortality_fraction_stem_delta,max,38,-16.432515930620948,-0.11132987196070232
mortality_fraction_stem_delta,max,39,-16.33834113289633,-0.09011050339519144
mortality_fraction_stem_delta,max,40,-15.978720230013256,-0.07843848496326444
mortality_fraction_stem_delta,max,41,18.50130866365064,0.3707954815413572
mortality_fraction_stem_delta,max,42,-25.969237134693476,-0.21061465846584326
mortality_fraction_stem_delta,max,43,-20.07137294756773,-0.14187490680860293
mortality_fraction_stem_delta,max,44,-16.5934417847967,-0.10549660985016374
mortality_fraction_stem_delta,max,45,-14.318094641072545,-0.08539522004431177
mortality_fraction_stem_delta,max,46,23.66521175203011,0.40606142612305973
mortality_fraction_stem_delta,max,47,-23.302179148681965,-0.22180978435465448
mortality_fraction_stem_delta,max,48,-16.605515268222497,-0.14553108368894385
mortality_fraction_stem_delta,max,49,-12.644554729144556,-0.10483397448155962
mortality_fraction_stem_delta,max,50,-10.06269029646348,-0.08206852598506664
mortality_fraction_stem_delta,max,total,-876.1972554181726,-2.2081994374822216
pool_alloc_froot_sp1,min,1,-222.6854843457324,1.632025260380857
pool_alloc_froot_sp1,min,2,17.74472633070075,-1.28281865193334
pool_alloc_froot_sp1,min,3,-32.203485569766364,0.6554847520297784
pool_alloc_froot_sp1,min,4,-24.831500023300883,0.4310305987531642
pool_alloc_froot_sp1,min,5,-21.219100064192432,0.31483542740033243
pool_alloc_froot_sp1,min,6,-2.6149757987019155,0.2550974680615079
pool_alloc_froot_sp1,min,7,-13.300787639567144,0.2082679839022461
pool_alloc_froot_sp1,min,8,-23.530283592790973,0.19983938063501938
pool_alloc_froot_sp1,min,9,-17.71571250869652,0.17820215651397575
pool_alloc_froot_sp1,min,10,-7.220500925558323,0.16843281979030245
pool_alloc_froot_sp1,min,11,-0.5952049739425131,0.18094250785652255
pool_alloc_froot_sp1,min,12,-23.431216343636326,0.16857771836200897
pool_alloc_froot_sp1,min,13,-21.88306280420959,0.18469196841924784
pool_alloc_froot_sp1,min,14,-21.36707497914477,0.1955343255869444
pool_alloc_froot_sp1,min,15,1.9388278635032439,0.1638054837869083
pool_alloc_froot_sp1,min,16,-0.2104523506694398,0.18162238990412805
pool_alloc_froot_sp1,min,17,-24.83696172098007,0.14920886249168674
pool_alloc_froot_sp1,min,18,-23.202531769096613,0.17677320507457495
pool_alloc_froot_sp1,min,19,-22.604081179665663,0.19359690119742368
pool_alloc_froot_sp1,min,20,-22.499589376344353,0.20475258478554892
pool_alloc_froot_sp1,min,21,1.5899451656665886,0.2128248779624755
pool_alloc_froot_sp1,min,22,-30.652257118012606,0.2191962215776826
pool_alloc_froot_sp1,min,23,-27.34914805741276,0.22457944829605836
pool_alloc_froot_sp1,min,24,-25.78938582826319,0.22932690719556348
pool_alloc_froot_sp1,min,25,-25.082117271178316,0.23359965487315293
pool_alloc_froot_sp1,min,26,3.929956629844829,0.2374592012920056
pool_alloc_froot_sp1,min,27,-34.20476867887182,0.24091374821780676
pool_alloc_froot_sp1,min,28,-29.808443046907946,0.24394427435349542
pool_alloc_froot_sp1,min,29,-27.544960452132067,0.24651796302561735
pool_alloc_froot_sp1,min,30,-26.3142970900705,0.2485947172439964
pool_alloc_froot_sp1,min,31,7.900508992496151,0.25013272461595726
pool_alloc_froot_sp1,min,32,-35.282587885360634,0.2510894953428462
pool_alloc_froot_sp1,min,33,-30.161175409649722,0.2514243344915066
pool_alloc_froot_sp1,min,34,-27.307354337142606,0.25109925054131566
pool_alloc_froot_sp1,min,35,97.61176979304494,0.03961839347438456
pool_alloc_froot_sp1,min,36,10.31363407532261,0.10059460210019289
pool_alloc_froot_sp1,min,37,-16.076498901356324,-0.09689028084692275
pool_alloc_froot_sp1,min,38,-16.299531569580846,0.021654489079399042
pool_alloc_froot_sp1,min,39,-16.165379124295885,0.08285150520525164
pool_alloc_froot_sp1,min,40,-15.786610864608456,0.11367088044153562
pool_alloc_froot_sp1,min,41,18.25848149230989,0.1279683102006075
pool_alloc_froot_sp1,min,42,-25.625357563100593,0.13326491312703936
pool_alloc_froot_sp1,min,43,-19.795937292773807,0.13356074798532092
pool_alloc_froot_sp1,min,44,-16.35697873175196,0.13096644319457695
pool_alloc_froot_sp1,min,45,-14.106101347085076,0.12659807394315692
pool_alloc_froot_sp1,min,46,23.380204585565743,0.12105425965869188
pool_alloc_froot_sp1,min,47,-22.965703612673718,0.11466575165359316
pool_alloc_froot_sp1,min,48,-16.352358108474952,0.10762607605860097
pool_alloc_froot_sp1,min,49,-12.439661574559906,0.10005918010308967
pool_alloc_froot_sp1,min,50,-9.888568657667292,0.09205311281112039
pool_alloc_froot_sp1,min,total,-864.6391335604725,9.349922420217922
pool_alloc_froot_sp1,max,1,-225.94953486649413,-1.6320252603808854
pool_alloc_froot_sp1,max,2,20.31036363456746,1.2828186519333684
pool_alloc_froot_sp1,max,3,-33.514455006022565,-0.6554846842264226
pool_alloc_froot_sp1,max,4,-25.693561192082928,-0.4310305700288808
pool_alloc_froot_sp1,max,5,-21.84877110499591,-0.31483561340314736
pool_alloc_froot_sp1,max,6,-3.1251707130527886,-0.25509744628936515
pool_alloc_froot_sp1,max,7,-13.717323573860089,-0.2082679503906988
pool_alloc_froot_sp1,max,8,-23.92996233721637,-0.19983936379037814
pool_alloc_froot_sp1,max,9,-18.072116813219107,-0.17820214800861223
pool_alloc_froot_sp1,max,10,-7.5573664906722735,-0.16843274532364827
pool_alloc_froot_sp1,max,11,-0.9570900200967549,-0.18094253829771922
pool_alloc_froot_sp1,max,12,-23.768371796495998,-0.16857773449766356
pool_alloc_froot_sp1,max,13,-22.25244676457387,-0.1846919919450336
pool_alloc_froot_sp1,max,14,-21.758143096127867,-0.19553379139615146
pool_alloc_froot_sp1,max,15,1.6112166584421415,-0.16380572127419413
pool_alloc_froot_sp1,max,16,-0.5736972644497813,-0.18162252387621347
pool_alloc_froot_sp1,max,17,-25.135379520094926,-0.14920893662316814
pool_alloc_froot_sp1,max,18,-23.55607821771654,-0.17677324354535173
pool_alloc_froot_sp1,max,19,-22.991274984681542,-0.19359690381845596
pool_alloc_froot_sp1,max,20,-22.90909456099355,-0.20475259986364946
pool_alloc_froot_sp1,max,21,1.1642953954206425,-0.21282489228347057
pool_alloc_froot_sp1,max,22,-31.090649567591242,-0.2191962280009534
pool_alloc_froot_sp1,max,23,-27.798306907854492,-0.2245794021456753
pool_alloc_froot_sp1,max,24,-26.248039619419057,-0.22932688396030443
pool_alloc_froot_sp1,max,25,-25.549316610910434,-0.23359968485896587
pool_alloc_froot_sp1,max,26,3.4550382053174853,-0.23745922323533808
pool_alloc_froot_sp1,max,27,-34.686596186890974,-0.24091375980134444
pool_alloc_froot_sp1,max,28,-30.296331603186214,-0.24394428192477235
pool_alloc_froot_sp1,max,29,-28.037996356068376,-0.24651794091069235
pool_alloc_froot_sp1,max,30,-26.811486534026972,-0.24859472671247573
pool_alloc_froot_sp1,max,31,7.400243534379616,-0.2501327335005783
pool_alloc_froot_sp1,max,32,-35.78476688040263,-0.2510894996991482
pool_alloc_froot_sp1,max,33,-30.66402402050026,-0.25142427635903175
pool_alloc_froot_sp1,max,34,-27.809552478039386,-0.25109889035546473
pool_alloc_froot_sp1,max,35,97.53253282445397,-0.039618575116591614
pool_alloc_froot_sp1,max,36,10.112444761332181,-0.10059471189023661
pool_alloc_froot_sp1,max,37,-15.882718263123811,0.09689035738558971
pool_alloc_froot_sp1,max,38,-16.3428406932778,-0.02165463461755479
pool_alloc_froot_sp1,max,39,-16.331081778356566,-0.0828511488554291
pool_alloc_froot_sp1,max,40,-16.013951946633675,-0.1136702015836839
pool_alloc_froot_sp1,max,41,18.00254440947696,-0.12796877263232176
pool_alloc_froot_sp1,max,42,-25.89188767638586,-0.13326520015822751
pool_alloc_froot_sp1,max,43,-20.06305895389349,-0.13356091313436025
pool_alloc_froot_sp1,max,44,-16.618911695503062,-0.1309665205565267
pool_alloc_froot_sp1,max,45,-14.359297591061704,-0.1265981700334713
pool_alloc_froot_sp1,max,46,23.138096035566353,-0.12105429034069815
pool_alloc_froot_sp1,max,47,-23.195035107130103,-0.11466574280279218
pool_alloc_froot_sp1,max,48,-16.56761025783921,-0.10762607330565643
pool_alloc_froot_sp1,max,49,-12.639779846701728,-0.10005909203873209
pool_alloc_froot_sp1,max,50,-10.072674932327297,-0.09205316184888446
pool_alloc_froot_sp1,max,total,-883.3389783710145,-9.349922390324082
pool_alloc_leaf_sp1,min,1,-222.6854843457324,1.632025260380857
pool_alloc_leaf_sp1,min,2,17.570123026476995,-1.457421956157095
pool_alloc_leaf_sp1,min,3,-31.81975369856178,1.0392166232343634
pool_alloc_leaf_sp1,min,4,-24.584142014875717,0.6783886071783307
pool_alloc_leaf_sp1,min,5,-21.042637212429476,0.4912982791632885
pool_alloc_leaf_sp1,min,6,-3.5224430075633983,-0.6523697407999749
pool_alloc_leaf_sp1,min,7,-12.825336993286031,0.6837186301833587
pool_alloc_leaf_sp1,min,8,-23.243499240639956,0.4866237327860361
pool_alloc_leaf_sp1,min,9,-17.521685020781362,0.3722296444291331
pool_alloc_leaf_sp1,min,10,-7.057514494676031,0.33141925067259415
pool_alloc_leaf_sp1,min,11,-1.7062046734248248,-0.9300571916257891
pool_alloc_leaf_sp1,min,12,-22.918552605187482,0.6812414568108522
pool_alloc_leaf_sp1,min,13,-21.55800406573262,0.5097507068962166
pool_alloc_leaf_sp1,min,14,-21.138705518681803,0.4239037860499124
pool_alloc_leaf_sp1,min,15,2.136373215606649,0.36135083589031325
pool_alloc_leaf_sp1,min,16,-1.5293977860685577,-1.1373230454949899
pool_alloc_leaf_sp1,min,17,-24.256087005569036,0.7300835779027217
pool_alloc_leaf_sp1,min,18,-22.837435357641514,0.5418696165296737
pool_alloc_leaf_sp1,min,19,-22.35035682092765,0.4473212599354355
pool_alloc_leaf_sp1,min,20,-22.304565516730534,0.3997764443993681
pool_alloc_leaf_sp1,min,21,0.05457058062059206,-1.322549707083521
pool_alloc_leaf_sp1,min,22,-29.941130541995296,0.930322797594993
pool_alloc_leaf_sp1,min,23,-26.906010907751895,0.6677165979569217
pool_alloc_leaf_sp1,min,24,-25.485105745296156,0.5336069901625962
pool_alloc_leaf_sp1,min,25,-24.851449926065552,0.4642669999859166
pool_alloc_leaf_sp1,min,26,2.0756346496834763,-1.616862778869347
pool_alloc_leaf_sp1,min,27,-33.35648881923023,1.0891936078594
pool_alloc_leaf_sp1,min,28,-29.284182479135534,0.7682048421259076
pool_alloc_leaf_sp1,min,29,-27.18923204107054,0.6022463740871444
pool_alloc_leaf_sp1,min,30,-26.048587987547588,0.5143038197669085
pool_alloc_leaf_sp1,min,31,5.709505098439816,-1.9408711694403777
pool_alloc_leaf_sp1,min,32,-34.29442278863642,1.2392545920670628
pool_alloc_leaf_sp1,min,33,-29.556280032814048,0.8563197113271812
pool_alloc_leaf_sp1,min,34,-26.902646800371244,0.6558067873126774
pool_alloc_leaf_sp1,min,35,98.01393474334151,0.4417833437709504
pool_alloc_leaf_sp1,min,36,7.907568174788816,-2.305471298433602
pool_alloc_leaf_sp1,min,37,-15.225855787862686,0.7537528326467147
pool_alloc_leaf_sp1,min,38,-15.78752919051395,0.533656868146295
pool_alloc_leaf_sp1,min,39,-15.830397505665733,0.41783312383540405
pool_alloc_leaf_sp1,min,40,-15.54771146555936,0.3525702794906316
pool_alloc_leaf_sp1,min,41,15.992741787938572,-2.137771394170711
pool_alloc_leaf_sp1,min,42,-24.65810993291413,1.1005125433135028
pool_alloc_leaf_sp1,min,43,-19.221995507651684,0.7075025331074443
pool_alloc_leaf_sp1,min,44,-15.98985349241611,0.4980916825304256
pool_alloc_leaf_sp1,min,45,-13.851636058062834,0.3810633629653992
pool_alloc_leaf_sp1,min,46,20.936663817568313,-2.322486508338738
pool_alloc_leaf_sp1,min,47,-21.937644014873083,1.1427253494542278
pool_alloc_leaf_sp1,min,48,-15.749703263015167,0.7102809215183861
pool_alloc_leaf_sp1,min,49,-12.061344674040118,0.47837608062287806
pool_alloc_leaf_sp1,min,50,-9.63301252670194,0.34760924377647306
pool_alloc_leaf_sp1,min,total,-863.8150217732367,10.174034207453701
pool_alloc_leaf_sp1,max,1,-225.94953486649413,-1.6320252603808854
pool_alloc_leaf_sp1,max,2,20.484966938791214,1.4574219561571233
pool_alloc_leaf_sp1,max,3,-33.898186925592455,-1.0392166037963122
pool_alloc_leaf_sp1,max,4,-25.940919140457368,-0.6783885184033203
pool_alloc_leaf_sp1,max,5,-22.025233972210778,-0.4912984806180134
pool_alloc_leaf_sp1,max,6,-2.217703461137635,0.6523698056257885
pool_alloc_leaf_sp1,max,7,-14.192774236157764,-0.6837186126883736
pool_alloc_leaf_sp1,max,8,-24.21674669924951,-0.48662372582351665
pool_alloc_leaf_sp1,max,9,-18.266144321413478,-0.37222965620298254
pool_alloc_leaf_sp1,max,10,-7.720352851163158,-0.3314191058145326
pool_alloc_leaf_sp1,max,11,0.15390965046339122,0.9300571322624269
pool_alloc_leaf_sp1,max,12,-24.281035551860555,-0.6812414898622201
pool_alloc_leaf_sp1,max,13,-22.577505492504415,-0.5097507198755764
pool_alloc_leaf_sp1,max,14,-21.986512565007622,-0.42390326027590675
pool_alloc_leaf_sp1,max,15,1.4136714141327662,-0.3613509655835694
pool_alloc_leaf_sp1,max,16,0.7452481067796493,1.137322847353217
pool_alloc_leaf_sp1,max,17,-25.716254265049105,-0.7300836815773479
pool_alloc_leaf_sp1,max,18,-23.921174644285745,-0.5418696701145578
pool_alloc_leaf_sp1,max,19,-23.244999362150374,-0.4473212812872873
pool_alloc_leaf_sp1,max,20,-23.104118354736745,-0.39977639360684236
pool_alloc_leaf_sp1,max,21,2.699669952538461,1.322549664834348
pool_alloc_leaf_sp1,max,22,-31.801776163882188,-0.930322824291899
pool_alloc_leaf_sp1,max,23,-28.24144406274257,-0.6677165570337529
pool_alloc_leaf_sp1,max,24,-26.55232017702963,-0.5336074415708794
pool_alloc_leaf_sp1,max,25,-25.77998378517375,-0.46426685912228294
pool_alloc_leaf_sp1,max,26,5.3093603000997796,1.6168628715469562
pool_alloc_leaf_sp1,max,27,-35.534875964595834,-1.0891935375062047
pool_alloc_leaf_sp1,max,28,-30.820592126684588,-0.7682048054231458
pool_alloc_leaf_sp1,max,29,-28.393724741604455,-0.602246326446771
pool_alloc_leaf_sp1,max,30,-27.07719561679262,-0.5143038094781218
pool_alloc_leaf_sp1,max,31,9.591247334034922,1.9408710661547275
pool_alloc_leaf_sp1,max,32,-36.77293194715375,-1.2392545664502705
pool_alloc_leaf_sp1,max,33,-31.268919369454338,-0.8563196253131089
pool_alloc_leaf_sp1,max,34,-28.21425998596403,-0.6558063982801094
pool_alloc_leaf_sp1,max,35,97.13036784448131,-0.44178355508924483
pool_alloc_leaf_sp1,max,36,12.518510713012331,2.305471239789913
pool_alloc_leaf_sp1,max,37,-16.73336141071311,-0.7537527902037073
pool_alloc_leaf_sp1,max,38,-16.85484306685044,-0.5336570081901932
pool_alloc_leaf_sp1,max,39,-16.666063392058437,-0.41783276255729973
pool_alloc_leaf_sp1,max,40,-16.252850961387725,-0.3525692163377343
pool_alloc_leaf_sp1,max,41,20.268283952997013,2.1377707708877303
pool_alloc_leaf_sp1,max,42,-26.85913540160457,-1.1005129253769361
pool_alloc_leaf_sp1,max,43,-20.637000793466775,-0.7075027527076472
pool_alloc_leaf_sp1,max,44,-16.986036964083667,-0.49809178913713126
pool_alloc_leaf_sp1,max,45,-14.61376054836878,-0.38106112734054776
pool_alloc_leaf_sp1,max,46,25.581635648408845,2.3224853225017945
pool_alloc_leaf_sp1,max,47,-24.223095230890813,-1.1427258665635023
pool_alloc_leaf_sp1,max,48,-17.170265407735197,-0.710281223201644
pool_alloc_leaf_sp1,max,49,-13.018096874241916,-0.47837611957892
pool_alloc_leaf_sp1,max,50,-10.32823133679559,-0.34760956631717654
pool_alloc_leaf_sp1,max,total,-884.1630901830058,-10.174034202315397
pool_alloc_stem_sp1,min,1,-221.38965628898995,2.9278533171232937
pool_alloc_stem_sp1,min,2,19.40074173516514,0.3731967525310509
pool_alloc_stem_sp1,min,3,-32.28456449193453,0.574405829861611
pool_alloc_stem_sp1,min,4,-24.515438669565082,0.7470919524889652
pool_alloc_stem_sp1,min,5,-20.660861226126926,0.8730742654658386
pool_alloc_stem_sp1,min,6,-1.69977959885956,1.1702936679038634
pool_alloc_stem_sp1,min,7,-12.802391396081397,0.7066642273879928
pool_alloc_stem_sp1,min,8,-22.566856683752864,1.1632662896731283
pool_alloc_stem_sp1,min,9,-16.755174590037022,1.138740075173473
pool_alloc_stem_sp1,min,10,-6.552527285626785,0.8364064597218404
pool_alloc_stem_sp1,min,11,0.5626467376819191,1.3387942194809548
pool_alloc_stem_sp1,min,12,-22.25235143802296,1.3474426239753754
pool_alloc_stem_sp1,min,13,-20.619898030656767,1.4478567419720711
pool_alloc_stem_sp1,min,14,-20.021879717673514,1.5407295870582018
pool_alloc_stem_sp1,min,15,2.2930568256845563,0.5180344459682207
pool_alloc_stem_sp1,min,16,1.082524571240965,1.4745993118145329
pool_alloc_stem_sp1,min,17,-23.329751041881405,1.6564195415903527
pool_alloc_stem_sp1,min,18,-21.638173968866766,1.741131005304421
pool_alloc_stem_sp1,min,19,-20.977719923907966,1.8199581569551206
pool_alloc_stem_sp1,min,20,-20.810386593170485,1.8939553679594177
pool_alloc_stem_sp1,min,21,2.8203361741859596,1.4432158864818465
pool_alloc_stem_sp1,min,22,-28.670397275658313,2.2010560639319756
pool_alloc_stem_sp1,min,23,-25.39428931504568,2.179438190663138
pool_alloc_stem_sp1,min,24,-23.828540387785335,2.1901723476734176
pool_alloc_stem_sp1,min,25,-23.102404240863912,2.2133126851875566
pool_alloc_stem_sp1,min,26,5.072324692593096,1.3798272640402724
pool_alloc_stem_sp1,min,27,-31.899174587144906,2.5465078399447236
pool_alloc_stem_sp1,min,28,-27.6226801712167,2.4297071500447416
pool_alloc_stem_sp1,min,29,-25.424072693057564,2.36740572210012
pool_alloc_stem_sp1,min,30,-24.23617947479801,2.326712332516486
pool_alloc_stem_sp1,min,31,8.726692500078759,1.0763162321985646
pool_alloc_stem_sp1,min,32,-32.877113700447985,2.656563680255495
pool_alloc_stem_sp1,min,33,-27.988708482434262,2.4238912617069666
pool_alloc_stem_sp1,min,34,-25.288007912418813,2.2704456752651083
pool_alloc_stem_sp1,min,35,90.50114796923076,-7.0710034303398
pool_alloc_stem_sp1,min,36,11.13572757772729,0.9226881045048714
pool_alloc_stem_sp1,min,37,-14.921441041278122,1.058167579231279
pool_alloc_stem_sp1,min,38,-15.143314593324853,1.177871465335393
pool_alloc_stem_sp1,min,39,-15.054665711023215,1.1935649184779216
pool_alloc_stem_sp1,min,40,-14.74923885936763,1.1510428856823616
pool_alloc_stem_sp1,min,41,17.791228101632225,-0.3392850804770582
pool_alloc_stem_sp1,min,42,-24.314266268925564,1.444356207302068
pool_alloc_stem_sp1,min,43,-18.8124710556341,1.1170269851250296
pool_alloc_stem_sp1,min,44,-15.6021826610533,0.8857625138932352
pool_alloc_stem_sp1,min,45,-13.530597396107684,0.7021020249205492
pool_alloc_stem_sp1,min,46,22.314714368144987,-0.9444359577620638
pool_alloc_stem_sp1,min,47,-22.18767597562015,0.892693388707162
pool_alloc_stem_sp1,min,48,-15.93146972257052,0.5285144619630326
pool_alloc_stem_sp1,min,49,-12.259818167192941,0.2799025874700547
pool_alloc_stem_sp1,min,50,-9.888862643056953,0.09175912742145975
pool_alloc_stem_sp1,min,total,-815.9038420278149,58.085213952875506
pool_alloc_stem_sp1,max,1,-227.2453629232365,-2.9278533171232652
pool_alloc_stem_sp1,max,2,18.654348230103093,-0.3731967525309976
pool_alloc_stem_sp1,max,3,-33.45016383038745,-0.59119350859131
pool_alloc_stem_sp1,max,4,-26.028841757373286,-0.7663111353192384
pool_alloc_stem_sp1,max,5,-22.42860792498126,-0.8946724333884966
pool_alloc_stem_sp1,max,6,-4.065230732221748,-1.1951574654583244
pool_alloc_stem_sp1,max,7,-14.238214728492519,-0.729159105023129
pool_alloc_stem_sp1,max,8,-24.922983045397032,-1.1928600719710403
pool_alloc_stem_sp1,max,9,-19.064046234479594,-1.170131569269099
pool_alloc_stem_sp1,max,10,-8.252892464736298,-0.8639587193876732
pool_alloc_stem_sp1,max,11,-2.157351022905468,-1.3812035411064323
pool_alloc_stem_sp1,max,12,-24.986723434769257,-1.386929372770922
pool_alloc_stem_sp1,max,13,-23.560003540910802,-1.4922487682819643
pool_alloc_stem_sp1,max,14,-23.152343440348144,-1.5897341356164283
pool_alloc_stem_sp1,max,15,1.231051313622368,-0.5439710660939676
pool_alloc_stem_sp1,max,16,-1.9319921519931778,-1.53991741141961
pool_alloc_stem_sp1,max,17,-26.695618829748966,-1.7094482462772085
pool_alloc_stem_sp1,max,18,-25.17933671023464,-1.8000317360634526
pool_alloc_stem_sp1,max,19,-24.681092867581373,-1.883414786718287
pool_alloc_stem_sp1,max,20,-24.66540353071942,-1.9610615695895177
pool_alloc_stem_sp1,max,21,-0.1449711505985385,-1.5220914383026516
pool_alloc_stem_sp1,max,22,-33.14177461319962,-2.2703212736093334
pool_alloc_stem_sp1,max,23,-29.825004210996667,-2.25127670528785
pool_alloc_stem_sp1,max,24,-28.28175672807403,-2.263043992615277
pool_alloc_stem_sp1,max,25,-27.601595051352973,-2.2858781253015046
pool_alloc_stem_sp1,max,26,2.2293866316895303,-1.463110796863293
pool_alloc_stem_sp1,max,27,-37.05634620980976,-2.610663782720131
pool_alloc_stem_sp1,max,28,-32.54373387848179,-2.4913465572203464
pool_alloc_stem_sp1,max,29,-30.215721967637833,-2.4242435524801493
pool_alloc_stem_sp1,max,30,-28.93974450586633,-2.376852698551833
pool_alloc_stem_sp1,max,31,6.5131792460580105,-1.1371970218221836
pool_alloc_stem_sp1,max,32,-38.215958758414175,-2.6822813777106944
pool_alloc_stem_sp1,max,33,-32.853572148359405,-2.4409724042181757
pool_alloc_stem_sp1,max,34,-29.83466110966565,-2.2762075219817284
pool_alloc_stem_sp1,max,35,104.915476787537,7.343325387966445
pool_alloc_stem_sp1,max,36,9.229508810563319,-0.9835306626590992
pool_alloc_stem_sp1,max,37,-16.972155690811338,-0.9925470703019368
pool_alloc_stem_sp1,max,38,-17.436743910675073,-1.1155578520148275
pool_alloc_stem_sp1,max,39,-17.374756686981666,-1.126526057480529
pool_alloc_stem_sp1,max,40,-16.97560387045718,-1.0753221254071903
pool_alloc_stem_sp1,max,41,18.51042732588494,0.37991414377565746
pool_alloc_stem_sp1,max,42,-27.090679845727177,-1.3320573694995446
pool_alloc_stem_sp1,max,43,-20.92995046115874,-1.0004524203996112
pool_alloc_stem_sp1,max,44,-17.250194047026387,-0.7622488720798515
pool_alloc_stem_sp1,max,45,-14.803657388193066,-0.5709579671648335
pool_alloc_stem_sp1,max,46,24.271696070969252,1.0125457450622015
pool_alloc_stem_sp1,max,47,-23.805343310122478,-0.7249739457951669
pool_alloc_stem_sp1,max,48,-16.82626651690486,-0.3662823323713056
pool_alloc_stem_sp1,max,49,-12.659237853777144,-0.1195170991141481
pool_alloc_stem_sp1,max,50,-9.912812386602882,0.06780938387553093
pool_alloc_stem_sp1,max,total,-931.8433770549843,-57.85432107429392
pool_turnover_branch_sp1,min,1,-224.31750960611325,0.0
pool_turnover_branch_sp1,min,2,18.756909861087266,-0.27063512154682456
pool_turnover_branch_sp1,min,3,-33.01403734839645,-0.1550670266003067
pool_turnover_branch_sp1,min,4,-25.537611099523748,-0.2750804774697002
pool_turnover_branch_sp1,min,5,-21.88395198938749,-0.35001649779472643
pool_turnover_branch_sp1,min,6,-3.3676995872057773,-0.4976263204423539
pool_turnover_branch_sp1,min,7,-13.837106169989823,-0.32805054652043353
pool_turnover_branch_sp1,min,8,-24.201110076396432,-0.4709871029704402
pool_turnover_branch_sp1,min,9,-18.36423674466663,-0.47032207945613536
pool_turnover_branch_sp1,min,10,-7.767230285642464,-0.37829654029383875
pool_turnover_branch_sp1,min,11,-1.2880349647575375,-0.5118874829585018
pool_turnover_branch_sp1,min,12,-24.15165771707979,-0.5518636550814549
pool_turnover_branch_sp1,min,13,-22.65002998939367,-0.5822752167648311
pool_turnover_branch_sp1,min,14,-22.1747519642655,-0.6121426595337844
pool_turnover_branch_sp1,min,15,1.5185661901355942,-0.25645618958074134
pool_turnover_branch_sp1,min,16,-0.9018991916948513,-0.5098244511212835
pool_turnover_branch_sp1,min,17,-25.652392982561107,-0.6662223990893494
pool_turnover_branch_sp1,min,18,-24.063513016503244,-0.684208042332056
pool_turnover_branch_sp1,min,19,-23.50249667278325,-0.7048185919201622
pool_turnover_branch_sp1,min,20,-23.430189958257657,-0.7258479971277545
pool_turnover_branch_sp1,min,21,0.896499187881012,-0.4806210998231011
pool_turnover_branch_sp1,min,22,-31.72448034769957,-0.8530270081092794
pool_turnover_branch_sp1,min,23,-28.402254506375506,-0.8285270006666892
pool_turnover_branch_sp1,min,24,-26.83967617892633,-0.8209634434675763
pool_turnover_branch_sp1,min,25,-26.135875862337357,-0.820158936285889
pool_turnover_branch_sp1,min,26,3.2839435890401956,-0.4085538395126278
pool_turnover_branch_sp1,min,27,-35.403340505070794,-0.957658077981165
pool_turnover_branch_sp1,min,28,-30.94361690273759,-0.8912295814761464
pool_turnover_branch_sp1,min,29,-28.64288443107929,-0.8514060159216044
pool_turnover_branch_sp1,min,30,-27.385381384532447,-0.8224895772179508
pool_turnover_branch_sp1,min,31,7.412439404606896,-0.23793686327329766
pool_turnover_branch_sp1,min,32,-36.4894285653375,-0.9557511846340176
pool_turnover_branch_sp1,min,33,-31.253376856989547,-0.8407771128483184
pool_turnover_branch_sp1,min,34,-28.32139517009671,-0.7629415824127896
pool_turnover_branch_sp1,min,35,100.10503729779613,2.5328858982255724
pool_turnover_branch_sp1,min,36,10.177187874794607,-0.03585159842781138
pool_turnover_branch_sp1,min,37,-16.335681806575195,-0.3560731860657942
pool_turnover_branch_sp1,min,38,-16.681158993251543,-0.35997293459129764
pool_turnover_branch_sp1,min,39,-16.588292890334394,-0.34006226083325686
pool_turnover_branch_sp1,min,40,-16.20650331917943,-0.30622157412943807
pool_turnover_branch_sp1,min,41,18.47401929351701,0.34350611140772713
pool_turnover_branch_sp1,min,42,-26.176456692878894,-0.4178342166512614
pool_turnover_branch_sp1,min,43,-20.204149602349368,-0.2746515615902396
pool_turnover_branch_sp1,min,44,-16.66254661446922,-0.1746014395226858
pool_turnover_branch_sp1,min,45,-14.329218195206373,-0.09651877417813992
pool_turnover_branch_sp1,min,46,23.848355742089442,0.5892054161823914
pool_turnover_branch_sp1,min,47,-23.257602591152224,-0.17723322682491371
pool_turnover_branch_sp1,min,48,-16.488404752482285,-0.028420567948732156
pool_turnover_branch_sp1,min,49,-12.468563390015957,0.07115736464703915
pool_turnover_branch_sp1,min,50,-9.836116057933124,0.1445057125452891
pool_turnover_branch_sp1,min,total,-892.4089065406812,-18.419850559990778
pool_turnover_branch_sp1,max,1,-224.31750960611325,0.0
pool_turnover_branch_sp1,max,2,19.298180104180915,0.27063512154682456
pool_turnover_branch_sp1,max,3,-32.70662245799411,0.15234786380203502
pool_turnover_branch_sp1,max,4,-24.991582808719937,0.2709478133341108
pool_turnover_branch_sp1,max,5,-21.19059006061133,0.343345430981433
pool_turnover_branch_sp1,max,6,-2.386243871332515,0.4838293954309085
pool_turnover_branch_sp1,max,7,-13.19121957751904,0.3178360459503491
pool_turnover_branch_sp1,max,8,-23.27541336395124,0.4547096094747509
pool_turnover_branch_sp1,max,9,-17.443106439783975,0.45080822542652044
pool_turnover_branch_sp1,max,10,-7.029873448226233,0.35906029712239196
pool_turnover_branch_sp1,max,11,-0.2961154978406082,0.4800319839584275
pool_turnover_branch_sp1,max,12,-23.07632468968809,0.5234693723102453
pool_turnover_branch_sp1,max,13,-21.51844399722087,0.5493107754079674
pool_turnover_branch_sp1,max,14,-20.98760726368756,0.5750020410441543
pool_turnover_branch_sp1,max,15,2.0086162171626505,0.2335938374463149
pool_turnover_branch_sp1,max,16,0.0732629686762376,0.46533770924980544
pool_turnover_branch_sp1,max,17,-24.36381802116061,0.6223525623111463
pool_turnover_branch_sp1,max,18,-22.742907652100246,0.6363973220709411
pool_turnover_branch_sp1,max,19,-22.144177246848972,0.653500834014114
pool_turnover_branch_sp1,max,20,-22.0330032967814,0.6713386643485038
pool_turnover_branch_sp1,max,21,1.806148015191099,0.4290277274869858
pool_turnover_branch_sp1,max,22,-30.080502394731305,0.7909509448589844
pool_turnover_branch_sp1,max,23,-26.80865751024056,0.7650699954682558
pool_turnover_branch_sp1,max,24,-25.262704551414316,0.7560081840444361
pool_turnover_branch_sp1,max,25,-24.561865599075492,0.7538513269759761
pool_turnover_branch_sp1,max,26,4.049424471586214,0.3569270430333904
pool_turnover_branch_sp1,max,27,-33.56138567646055,0.8842967506290762
pool_turnover_branch_sp1,max,28,-29.232273119507802,0.8201142017536398
pool_turnover_branch_sp1,max,29,-27.009624560613403,0.7818538545442806
pool_turnover_branch_sp1,max,30,-25.80845454764432,0.7544372596701763
pool_turnover_branch_sp1,max,31,7.848510655386306,0.19813438750611212
pool_turnover_branch_sp1,max,32,-34.65099325222148,0.8826841284819977
pool_turnover_branch_sp1,max,33,-29.638158666160724,0.7744410779805051
pool_turnover_branch_sp1,max,34,-26.85658542437419,0.7018681633097295
pool_turnover_branch_sp1,max,35,95.22230578817853,-2.349845611392027
pool_turnover_branch_sp1,max,36,10.228454944970471,0.015415471748053022
pool_turnover_branch_sp1,max,37,-15.650483427121282,0.3291251933881192
pool_turnover_branch_sp1,max,38,-15.988544677208687,0.33264138145155897
pool_turnover_branch_sp1,max,39,-15.933583534518132,0.31464709498300536
pool_turnover_branch_sp1,max,40,-15.616278295739285,0.2840034493107062
pool_turnover_branch_sp1,max,41,17.80123468668666,-0.3292784954226242
pool_turnover_branch_sp1,max,42,-25.365622700668304,0.3929997755593284
pool_turnover_branch_sp1,max,43,-19.670156919458734,0.25934112130039466
pool_turnover_branch_sp1,max,44,-16.321508618328387,0.16643655661814805
pool_turnover_branch_sp1,max,45,-14.138483909749606,0.0942155112786267
pool_turnover_branch_sp1,max,46,22.705192606193513,-0.5539577197135372
pool_turnover_branch_sp1,max,47,-22.906715482320923,0.17365388200638776
pool_turnover_branch_sp1,max,48,-16.426040142134365,0.033944042399188135
pool_turnover_branch_sp1,max,49,-12.599054140527821,-0.05933338586482506
pool_turnover_branch_sp1,max,50,-10.108593978545176,-0.12797220806676357
pool_turnover_branch_sp1,max,total,-856.8494999701323,17.139556010558067
pool_turnover_croot_sp1,min,1,-224.31750960611325,0.0
pool_turnover_croot_sp1,min,2,15.895161704859937,-3.132383277774153
pool_turnover_croot_sp1,min,3,-31.535444759548625,1.323525562247518
pool_turnover_croot_sp1,min,4,-24.44204645971354,0.8204841623405059
pool_turnover_croot_sp1,min,5,-20.976842470263954,0.5570930213288108
pool_turnover_croot_sp1,min,6,-2.4514097240322936,0.4186635427311298
pool_turnover_croot_sp1,min,7,-13.005011787708415,0.5040438357609744
pool_turnover_croot_sp1,min,8,-23.484438057008735,0.24568491641725743
pool_turnover_croot_sp1,min,9,-17.63976088693861,0.2541537782718848
pool_turnover_croot_sp1,min,10,-6.956571451161012,0.4323622941876133
pool_turnover_croot_sp1,min,11,-0.5822906685769587,0.19385681322207704
pool_turnover_croot_sp1,min,12,-23.37283268975706,0.22696137224127355
pool_turnover_croot_sp1,min,13,-21.82075835787797,0.24699641475086764
pool_turnover_croot_sp1,min,14,-21.302170818295593,0.2604384864361222
pool_turnover_croot_sp1,min,15,2.4029794129096347,0.6279570331932991
pool_turnover_croot_sp1,min,16,-0.26507754880086143,0.1269971917727064
pool_turnover_croot_sp1,min,17,-24.793633417643996,0.19253716582776192
pool_turnover_croot_sp1,min,18,-23.148778581677597,0.23052639249359075
pool_turnover_croot_sp1,min,19,-22.54333613124358,0.25434194961950496
pool_turnover_croot_sp1,min,20,-22.433627990619566,0.27071397051033586
pool_turnover_croot_sp1,min,21,1.660423733844301,0.283303446140188
pool_turnover_croot_sp1,min,22,-30.577409720049495,0.29404361954079405
pool_turnover_croot_sp1,min,23,-27.269793121178328,0.30393438453048915
pool_turnover_croot_sp1,min,24,-25.70523322143222,0.3134795140265325
pool_turnover_croot_sp1,min,25,-24.992794745544867,0.3229221805066018
pool_turnover_croot_sp1,min,26,4.024862386265594,0.33236495771277097
pool_turnover_croot_sp1,min,27,-34.1038451941959,0.3418372328937309
pool_turnover_croot_sp1,min,28,-29.70106040762287,0.35132691363857305
pool_turnover_croot_sp1,min,29,-27.43068049496543,0.36079792019225465
pool_turnover_croot_sp1,min,30,-26.192691220674188,0.3702005866403084
pool_turnover_croot_sp1,min,31,8.029850112897986,0.3794738450177917
pool_turnover_croot_sp1,min,32,-35.1451264987921,0.3885508819113781
pool_turnover_croot_sp1,min,33,-30.01524063635538,0.3973591077858494
pool_turnover_croot_sp1,min,34,-27.15263156513759,0.4058220225463316
pool_turnover_croot_sp1,min,35,99.87385220031588,2.301700800745323
pool_turnover_croot_sp1,min,36,9.795667808661792,-0.41737166456062624
pool_turnover_croot_sp1,min,37,-16.073076512758696,-0.0934678922492953
pool_turnover_croot_sp1,min,38,-16.24095663980217,0.08022941885807455
pool_turnover_croot_sp1,min,39,-16.07287130567977,0.1753593238213682
pool_turnover_croot_sp1,min,40,-15.672274032066944,0.22800771298304667
pool_turnover_croot_sp1,min,41,18.388358688553367,0.25784550644408455
pool_turnover_croot_sp1,min,42,-25.48330929296916,0.2753131832584721
pool_turnover_croot_sp1,min,43,-19.643623642971683,0.2858743977874454
pool_turnover_croot_sp1,min,44,-16.195580846082095,0.29236432886444064
pool_turnover_croot_sp1,min,45,-13.936454970852349,0.29624445017588386
pool_turnover_croot_sp1,min,46,23.557418913630247,0.29826858772319653
pool_turnover_croot_sp1,min,47,-22.78154857569414,0.2988207886331722
pool_turnover_croot_sp1,min,48,-16.161881047504032,0.2981031370295213
pool_turnover_croot_sp1,min,49,-12.243493873556096,0.2962268811069002
pool_turnover_croot_sp1,min,50,-9.68736579005558,0.29325598042283296
pool_turnover_croot_sp1,min,total,-859.9219098009838,14.067146179706583
pool_turnover_croot_sp1,max,1,-224.31750960611325,0.0
pool_turnover_croot_sp1,max,2,22.15992826040827,3.1323832777741814
pool_turnover_croot_sp1,max,3,-34.18249577540603,-1.3235254536098893
pool_turnover_croot_sp1,max,4,-26.08301468677288,-0.8204840647188334
pool_turnover_croot_sp1,max,5,-22.091028763444257,-0.5570932718514925
pool_turnover_croot_sp1,max,6,-3.2887368094751954,-0.418663542711772
pool_turnover_croot_sp1,max,7,-14.01309943735427,-0.5040438138848806
pool_turnover_croot_sp1,max,8,-23.97580787881515,-0.2456849053891581
pool_turnover_croot_sp1,max,9,-18.148068436154464,-0.25415377094396874
pool_turnover_croot_sp1,max,10,-7.821295753818086,-0.43236200846946105
pool_turnover_croot_sp1,max,11,-0.9700044280784184,-0.19385694627938266
pool_turnover_croot_sp1,max,12,-23.826755502838267,-0.22696144083993275
pool_turnover_croot_sp1,max,13,-22.314751296586007,-0.24699652395716853
pool_turnover_croot_sp1,max,14,-21.82304730937114,-0.26043800463942546
pool_turnover_croot_sp1,max,15,1.1470653586889075,-0.6279570210274281
pool_turnover_croot_sp1,max,16,-0.519072151758869,-0.12699741118530117
pool_turnover_croot_sp1,max,17,-25.17870786298416,-0.19253727951240407
pool_turnover_croot_sp1,max,18,-23.609831462427213,-0.23052648825602517
pool_turnover_croot_sp1,max,19,-23.05202002758946,-0.2543419467263739
pool_turnover_croot_sp1,max,20,-22.975055889510493,-0.27071392838059083
pool_turnover_croot_sp1,max,21,1.093816818601622,-0.28330346910249116
pool_turnover_croot_sp1,max,22,-31.165496985785627,-0.2940436461953375
pool_turnover_croot_sp1,max,23,-27.877661853115846,-0.3039343474070293
pool_turnover_croot_sp1,max,24,-26.332192715850415,-0.31347998039166214
pool_turnover_croot_sp1,max,25,-25.63863896707364,-0.3229220410221707
pool_turnover_croot_sp1,max,26,3.3601325721137125,-0.33236485643911085
pool_turnover_croot_sp1,max,27,-34.787519586628775,-0.3418371595391463
pool_turnover_croot_sp1,max,28,-30.403714146040457,-0.3513268247790151
pool_turnover_croot_sp1,max,29,-28.152276696170134,-0.3607982810124497
pool_turnover_croot_sp1,max,30,-26.933092237092456,-0.3702004297779595
pool_turnover_croot_sp1,max,31,7.270902492120861,-0.37947377575933317
pool_turnover_croot_sp1,max,32,-35.922228201835054,-0.3885508211315738
pool_turnover_croot_sp1,max,33,-30.809958758084846,-0.3973590139436176
pool_turnover_croot_sp1,max,34,-27.964275235263617,-0.4058216475796961
pool_turnover_croot_sp1,max,35,95.2704503890683,-2.3017010105022564
pool_turnover_croot_sp1,max,36,10.6304110811639,0.4173716079414813
pool_turnover_croot_sp1,max,37,-15.886140784199787,0.09346783630961397
pool_turnover_croot_sp1,max,38,-16.40141559386305,-0.08022953520280396
pool_turnover_croot_sp1,max,39,-16.42358883932469,-0.17535820982355332
pool_turnover_croot_sp1,max,40,-16.12828875405445,-0.22800700900445747
pool_turnover_croot_sp1,max,41,17.87266691086252,-0.2578462712467626
pool_turnover_croot_sp1,max,42,-26.033936119493617,-0.27531364326598506
pool_turnover_croot_sp1,max,43,-20.215372704597762,-0.2858746638386336
pool_turnover_croot_sp1,max,44,-16.780309595731786,-0.29236442078525116
pool_turnover_croot_sp1,max,45,-14.528944626553379,-0.2962452055251461
pool_turnover_croot_sp1,max,46,22.960881872340337,-0.2982684535667133
pool_turnover_croot_sp1,max,47,-23.37918997235035,-0.2988206080230391
pool_turnover_croot_sp1,max,48,-16.758087228543594,-0.2981030440100412
pool_turnover_croot_sp1,max,49,-12.835946656146945,-0.29622590148394856
pool_turnover_croot_sp1,max,50,-10.273877975361946,-0.29325620488353366
pool_turnover_croot_sp1,max,total,-888.0562015562914,-14.067145575600989
pool_turnover_froot_sp1,min,1,-224.31750960611325,0.0
pool_turnover_froot_sp1,min,2,17.630718548844044,-1.3968264337900465
pool_turnover_froot_sp1,min,3,-32.29119184888771,0.5677784729084294
pool_turnover_froot_sp1,min,4,-24.920096681849714,0.3424339402043337
pool_turnover_froot_sp1,min,5,-21.310026604050442,0.22390888754232208
pool_turnover_froot_sp1,min,6,-2.709013836394694,0.16105943036872938
pool_turnover_froot_sp1,min,7,-13.31109179852061,0.19796382494877918
pool_turnover_froot_sp1,min,8,-23.647468272461587,0.08265470096440453
pool_turnover_froot_sp1,min,9,-17.808703766841408,0.08521089836908757
pool_turnover_froot_sp1,min,10,-7.225524282161267,0.16340946318735838
pool_turnover_froot_sp1,min,11,-0.7191867123122058,0.05696076948682993
pool_turnover_froot_sp1,min,12,-23.52938692976253,0.07040713223580397
pool_turnover_froot_sp1,min,13,-21.989777872112626,0.07797690051621231
pool_turnover_froot_sp1,min,14,-21.48005079772461,0.0825585070071071
pool_turnover_froot_sp1,min,15,2.020007243098661,0.24498486338232528
pool_turnover_froot_sp1,min,16,-0.36943310616131697,0.022641634412250866
pool_turnover_froot_sp1,min,17,-24.935748717141873,0.050421866329884324
pool_turnover_froot_sp1,min,18,-23.313430779601465,0.06587419456972299
pool_turnover_froot_sp1,min,19,-22.722712841183583,0.07496523967950353
pool_turnover_froot_sp1,min,20,-22.623644043299382,0.08069791783051983
pool_turnover_froot_sp1,min,21,1.4618271811148014,0.08470689341068827
pool_turnover_froot_sp1,min,22,-30.783596674423663,0.08785666516662616
pool_turnover_froot_sp1,min,23,-27.483131538557956,0.09059596715086116
pool_turnover_froot_sp1,min,24,-25.92555991748906,0.09315281796969188
pool_turnover_froot_sp1,min,25,-25.22007840754339,0.09563851850807836
pool_turnover_froot_sp1,min,26,3.79060116562875,0.09810373707592657
pool_turnover_froot_sp1,min,27,-34.34511680273412,0.10056562435551086
pool_turnover_froot_sp1,min,28,-29.949363761535473,0.103023559725969
pool_turnover_froot_sp1,min,29,-27.68601150844347,0.10546690671421288
pool_turnover_froot_sp1,min,30,-26.45501351596666,0.10787829134783777
pool_turnover_froot_sp1,min,31,7.760613429779461,0.11023716189926702
pool_turnover_froot_sp1,min,32,-35.421157850974566,0.11251952972891388
pool_turnover_froot_sp1,min,33,-30.297900266809904,0.11469947733132457
pool_turnover_froot_sp1,min,34,-27.441704255615754,0.11674933206816718
pool_turnover_froot_sp1,min,35,98.53263836690252,0.9604869673319598
pool_turnover_froot_sp1,min,36,9.972865913003822,-0.24017356021859548
pool_turnover_froot_sp1,min,37,-16.076632760008728,-0.09702413949932698
pool_turnover_froot_sp1,min,38,-16.34200173337649,-0.020815674716246235
pool_turnover_froot_sp1,min,39,-16.22782746469027,0.02040316481086535
pool_turnover_froot_sp1,min,40,-15.857553064553287,0.04272868049670464
pool_turnover_froot_sp1,min,41,18.185451959324226,0.054938777214943
pool_turnover_froot_sp1,min,42,-25.696929982441464,0.061692493786168257
pool_turnover_froot_sp1,min,43,-19.86406727812303,0.06543076263609748
pool_turnover_froot_sp1,min,44,-16.420523601068393,0.06742157387814274
pool_turnover_froot_sp1,min,45,-14.164379253240277,0.06832016778795591
pool_turnover_froot_sp1,min,46,23.327614920856007,0.0684645949489564
pool_turnover_froot_sp1,min,47,-23.01234005775352,0.06802930657379136
pool_turnover_froot_sp1,min,48,-16.39287839198969,0.06710579254386317
pool_turnover_froot_sp1,min,49,-12.47397625704699,0.06574449761600576
pool_turnover_froot_sp1,min,50,-9.916646297305101,0.06397547317331131
pool_turnover_froot_sp1,min,total,-869.9960504097193,3.9930055709711496
pool_turnover_froot_sp1,max,1,-224.31750960611325,0.0
pool_turnover_froot_sp1,max,2,20.424371416424115,1.3968264337900251
pool_turnover_froot_sp1,max,3,-33.42674872638199,-0.5677784045858445
pool_turnover_froot_sp1,max,4,-25.604964534647323,-0.3424339125932754
pool_turnover_froot_sp1,max,5,-21.757844564625643,-0.22390907303287833
pool_turnover_froot_sp1,max,6,-3.0311326752991503,-0.16105940853572687
pool_turnover_froot_sp1,max,7,-13.707019414890002,-0.19796379142061227
pool_turnover_froot_sp1,max,8,-23.812777657648457,-0.08265468422246514
pool_turnover_froot_sp1,max,9,-17.97912556069531,-0.08521089548481342
pool_turnover_froot_sp1,max,10,-7.552343126704757,-0.16340938135613214
pool_turnover_froot_sp1,max,11,-0.8331082827225309,-0.0569608009234952
pool_turnover_froot_sp1,max,12,-23.670201210763768,-0.07040714876543319
pool_turnover_froot_sp1,max,13,-22.14573169689518,-0.07797692426634129
pool_turnover_froot_sp1,max,14,-21.645167276365708,-0.08255797163399237
pool_turnover_froot_sp1,max,15,1.530037278241977,-0.24498510147435848
pool_turnover_froot_sp1,max,16,-0.41471650920856007,-0.022641768634992232
pool_turnover_froot_sp1,max,17,-25.03659252409249,-0.05042194062073335
pool_turnover_froot_sp1,max,18,-23.445179207281583,-0.06587423311039586
pool_turnover_froot_sp1,max,19,-22.872643324375538,-0.0749652435124517
pool_turnover_froot_sp1,max,20,-22.78503989368136,-0.08069793255145896
pool_turnover_froot_sp1,max,21,1.2924133803594535,-0.08470690734465958
pool_turnover_froot_sp1,max,22,-30.959310011017322,-0.08785667142703346
pool_turnover_froot_sp1,max,23,-27.664323426581475,-0.09059592087265855
pool_turnover_froot_sp1,max,24,-26.1118655315194,-0.09315279606064664
pool_turnover_froot_sp1,max,25,-25.411355474018197,-0.09563854796672899
pool_turnover_froot_sp1,max,26,3.594393669941661,-0.09810375861116238
pool_turnover_froot_sp1,max,27,-34.54624806281795,-0.10056563572832289
pool_turnover_froot_sp1,max,28,-30.155410888418157,-0.10302356715671479
pool_turnover_froot_sp1,max,29,-27.896945300305603,-0.10546688514791924
pool_turnover_froot_sp1,max,30,-26.67077010791806,-0.10787830060356285
pool_turnover_froot_sp1,max,31,7.540139097309627,-0.11023717057056714
pool_turnover_froot_sp1,max,32,-35.64619691468464,-0.11251953398115688
pool_turnover_froot_sp1,max,33,-30.52729916317438,-0.11469941903315117
pool_turnover_froot_sp1,max,34,-27.675202558942157,-0.11674897125823591
pool_turnover_froot_sp1,max,35,96.6116642503209,-0.9604871492496585
pool_turnover_froot_sp1,max,36,10.453212923454164,0.24017345023174563
pool_turnover_froot_sp1,max,37,-15.882584541555392,0.09702407895400889
pool_turnover_froot_sp1,max,38,-16.300370393731473,0.020815664928772293
pool_turnover_froot_sp1,max,39,-16.26863343725442,-0.02040280775328185
pool_turnover_froot_sp1,max,40,-15.943009727940158,-0.04272798289016677
pool_turnover_froot_sp1,max,41,18.075573934788487,-0.054939247320795914
pool_turnover_froot_sp1,max,42,-25.820315261845767,-0.06169278561813485
pool_turnover_froot_sp1,max,43,-19.994928971178936,-0.06543093041980796
pool_turnover_froot_sp1,max,44,-16.55536682784862,-0.0674216529020839
pool_turnover_froot_sp1,max,45,-14.301019685574044,-0.06832026454581097
pool_turnover_froot_sp1,max,46,23.19068569986231,-0.06846462604474013
pool_turnover_froot_sp1,max,47,-23.14839866224596,-0.06802929791864898
pool_turnover_froot_sp1,max,48,-16.527089974599594,-0.06710579006604078
pool_turnover_froot_sp1,max,49,-12.605465167756108,-0.06574441309311219
pool_turnover_froot_sp1,max,50,-10.04459729085414,-0.06397552037572751
pool_turnover_froot_sp1,max,total,-877.9820615234718,-3.9930055427813613
pool_turnover_leaf_sp1,min,1,-224.31750960611325,0.0
pool_turnover_leaf_sp1,min,2,17.281511940396555,-1.746033042237535
pool_turnover_leaf_sp1,min,3,-31.805632462391326,1.0533378594048166
pool_turnover_leaf_sp1,min,4,-24.609754238214727,0.6527763838393206
pool_turnover_leaf_sp1,min,5,-21.090927429831286,0.44300806176147844
pool_turnover_leaf_sp1,min,6,-3.6878606969663674,-0.817787430202944
pool_turnover_leaf_sp1,min,7,-12.766431497882515,0.7426241255868753
pool_turnover_leaf_sp1,min,8,-23.33270809652876,0.3974148768972334
pool_turnover_leaf_sp1,min,9,-17.58216323248663,0.31175143272386663
pool_turnover_leaf_sp1,min,10,-7.026033039252546,0.36290070609607916
pool_turnover_leaf_sp1,min,11,-1.911922805653432,-1.1357753238543964
pool_turnover_leaf_sp1,min,12,-22.963668215407676,0.6361258465906587
pool_turnover_leaf_sp1,min,13,-21.62675632358986,0.4409984490389789
pool_turnover_leaf_sp1,min,14,-21.22140592375348,0.34120338097823577
pool_turnover_leaf_sp1,min,15,2.2638051632631155,0.48878278354677995
pool_turnover_leaf_sp1,min,16,-1.7740235310416201,-1.3819487904680523
pool_turnover_leaf_sp1,min,17,-24.304768516867703,0.6814020666040541
pool_turnover_leaf_sp1,min,18,-22.911791908842705,0.46751306532848247
pool_turnover_leaf_sp1,min,19,-22.439287983535497,0.35839009732758953
pool_turnover_leaf_sp1,min,20,-22.402390213111595,0.3019517480183076
pool_turnover_leaf_sp1,min,21,-0.21669111234993688,-1.59381140005405
pool_turnover_leaf_sp1,min,22,-29.99316332384074,0.878290015749549
pool_turnover_leaf_sp1,min,23,-26.986569752293498,0.587157753415319
pool_turnover_leaf_sp1,min,24,-25.581133235846874,0.4375794996118785
pool_turnover_leaf_sp1,min,25,-24.956173854529432,0.3595430715220367
pool_turnover_leaf_sp1,min,26,1.7641417640471064,-1.928355664505717
pool_turnover_leaf_sp1,min,27,-33.402047301977966,1.0436351251116633
pool_turnover_leaf_sp1,min,28,-29.361985960305287,0.6904013609561552
pool_turnover_leaf_sp1,min,29,-27.283505344221616,0.5079730709360675
pool_turnover_leaf_sp1,min,30,-26.151125677140424,0.4117661301740725
pool_turnover_leaf_sp1,min,31,5.365695851357033,-2.2846804165231607
pool_turnover_leaf_sp1,min,32,-34.323002033500124,1.210675347203356
pool_turnover_leaf_sp1,min,33,-29.620573194551614,0.7920265495896146
pool_turnover_leaf_sp1,min,34,-26.98407718879533,0.5743763988885924
pool_turnover_leaf_sp1,min,35,99.08254041534528,1.5103890157747202
pool_turnover_leaf_sp1,min,36,7.526090586575982,-2.6869488866464355
pool_turnover_leaf_sp1,min,37,-15.219814544032769,0.7597940764766324
pool_turnover_leaf_sp1,min,38,-15.817587583964457,0.5035984746957887
pool_turnover_leaf_sp1,min,39,-15.877053590128991,0.37117703937214586
pool_turnover_leaf_sp1,min,40,-15.601129102058941,0.29915264299105004
pool_turnover_leaf_sp1,min,41,15.696122065207684,-2.4343911169015993
pool_turnover_leaf_sp1,min,42,-24.63113425855848,1.1274882176691534
pool_turnover_leaf_sp1,min,43,-19.228672926522258,0.7008251142368707
pool_turnover_leaf_sp1,min,44,-16.01143722742265,0.4765079475238849
pool_turnover_leaf_sp1,min,45,-13.878591970928749,0.35410745009948386
pool_turnover_leaf_sp1,min,46,20.649459328082674,-2.6096909978243765
pool_turnover_leaf_sp1,min,47,-21.876325567711085,1.2040437966162258
pool_turnover_leaf_sp1,min,48,-15.724256307339749,0.7357278771938045
pool_turnover_leaf_sp1,min,49,-12.051916531723606,0.4878042229393902
pool_turnover_leaf_sp1,min,50,-9.62960958863165,0.3510121818467624
pool_turnover_leaf_sp1,min,total,-868.5532457855717,5.435810195118734
pool_turnover_leaf_sp1,max,1,-224.31750960611325,0.0
pool_turnover_leaf_sp1,max,2,20.773578024871654,1.7460330422375634
pool_turnover_leaf_sp1,max,3,-33.91230816545077,-1.0533378436546244
pool_turnover_leaf_sp1,max,4,-25.915306903185712,-0.6527762811316649
pool_turnover_leaf_sp1,max,5,-21.97694374643775,-0.44300825484498674
pool_turnover_leaf_sp1,max,6,-2.052285769034431,0.8177874977289923
pool_turnover_leaf_sp1,max,7,-14.251679740655554,-0.7426241171861641
pool_turnover_leaf_sp1,max,8,-24.127537849328746,-0.39741487590275426
pool_turnover_leaf_sp1,max,9,-18.20566610600985,-0.31175144079935535
pool_turnover_leaf_sp1,max,10,-7.751834294785153,-0.36290054943652805
pool_turnover_leaf_sp1,max,11,0.35962777241738575,1.1357752542164214
pool_turnover_leaf_sp1,max,12,-24.235919946973407,-0.6361258849750726
pool_turnover_leaf_sp1,max,13,-22.508753245164005,-0.440998472535167
pool_turnover_leaf_sp1,max,14,-21.903812169929886,-0.34120286519817
pool_turnover_leaf_sp1,max,15,1.2862394934956658,-0.4887828862206698
pool_turnover_leaf_sp1,max,16,0.9898738460037526,1.3819485865773204
pool_turnover_leaf_sp1,max,17,-25.66757275690569,-0.6814021734339342
pool_turnover_leaf_sp1,max,18,-23.846818134853017,-0.467513160681829
pool_turnover_leaf_sp1,max,19,-23.156068207526125,-0.35839012666303915
pool_turnover_leaf_sp1,max,20,-23.006293640293812,-0.30195167916390986
pool_turnover_leaf_sp1,max,21,2.970931658085409,1.593811370381296
pool_turnover_leaf_sp1,max,22,-31.749743374183492,-0.8782900345932028
pool_turnover_leaf_sp1,max,23,-28.160885214289596,-0.5871577085807793
pool_turnover_leaf_sp1,max,24,-26.45629268597067,-0.43757995051191756
pool_turnover_leaf_sp1,max,25,-25.675259857790195,-0.3595429317387264
pool_turnover_leaf_sp1,max,26,5.6208531885153015,1.928355759962478
pool_turnover_leaf_sp1,max,27,-35.48931748136506,-1.043635054275434
pool_turnover_leaf_sp1,max,28,-30.742788645599514,-0.6904013243380724
pool_turnover_leaf_sp1,max,29,-28.299451809390774,-0.5079733942330904
pool_turnover_leaf_sp1,max,30,-26.97465776817767,-0.41176596086317474
pool_turnover_leaf_sp1,max,31,9.935056677917139,2.2846804100369447
pool_turnover_leaf_sp1,max,32,-36.74435264797051,-1.2106752672670282
pool_turnover_leaf_sp1,max,33,-31.204626177967103,-0.7920264338258747
pool_turnover_leaf_sp1,max,34,-28.132829584313914,-0.5743759966299926
pool_turnover_leaf_sp1,max,35,96.06176218027903,-1.5103892192915254
pool_turnover_leaf_sp1,max,36,12.89998828247663,2.6869488092542113
pool_turnover_leaf_sp1,max,37,-16.73940265691814,-0.7597940364087403
pool_turnover_leaf_sp1,max,38,-16.824784617157672,-0.5035985584974263
pool_turnover_leaf_sp1,max,39,-16.619407306401836,-0.3711766769006992
pool_turnover_leaf_sp1,max,40,-16.199433323520037,-0.29915157847004537
pool_turnover_leaf_sp1,max,41,20.56490366270379,2.4343904805945087
pool_turnover_leaf_sp1,max,42,-26.886111052661015,-1.1274885764333824
pool_turnover_leaf_sp1,max,43,-20.630323374642934,-0.700825333883806
pool_turnover_leaf_sp1,max,44,-16.96445324152213,-0.47650806657559386
pool_turnover_leaf_sp1,max,45,-14.586806902931158,-0.3541074819029255
pool_turnover_leaf_sp1,max,46,25.868841139406623,2.609690813499572
pool_turnover_leaf_sp1,max,47,-24.284413099018963,-1.204043734691652
pool_turnover_leaf_sp1,max,48,-17.195712049084243,-0.7357278645506895
pool_turnover_leaf_sp1,max,49,-13.027524799752646,-0.4878040450896499
pool_turnover_leaf_sp1,max,50,-10.331634236671368,-0.35101246619295523
pool_turnover_leaf_sp1,max,total,-879.4248662637754,-5.4358102830849475
pool_turnover_stem_sp1,min,1,-224.31750960611325,0.0
pool_turnover_stem_sp1,min,2,17.82278218349018,-1.2047627991439107
pool_turnover_stem_sp1,min,3,-33.650139723089936,-0.7911694012937929
pool_turnover_stem_sp1,min,4,-26.645798666916107,-1.38326804486206
pool_turnover_stem_sp1,min,5,-23.353221638549154,-1.8192861469563901
pool_turnover_stem_sp1,min,6,-5.632169596090125,-2.7620963293267016
pool_turnover_stem_sp1,min,7,-15.387557532755064,-1.8785019092856743
pool_turnover_stem_sp1,min,8,-26.50037000347233,-2.770247030046338
pool_turnover_stem_sp1,min,9,-20.812408664531546,-2.9184939993210506
pool_turnover_stem_sp1,min,10,-9.908153944295655,-2.51922019894703
pool_turnover_stem_sp1,min,11,-4.465958217756622,-3.6898107359575865
pool_turnover_stem_sp1,min,12,-27.325978086730775,-3.72618402473244
pool_turnover_stem_sp1,min,13,-26.16481389049963,-4.097059117870792
pool_turnover_stem_sp1,min,14,-26.01716325051736,-4.454553945785644
pool_turnover_stem_sp1,min,15,-0.501850331630147,-2.2768727113464826
pool_turnover_stem_sp1,min,16,-4.866594191930041,-4.474519451356473
pool_turnover_stem_sp1,min,17,-30.105217260707335,-5.119046677235577
pool_turnover_stem_sp1,min,18,-28.82421551035931,-5.444910536188122
pool_turnover_stem_sp1,min,19,-28.563572008311265,-5.765893927448179
pool_turnover_stem_sp1,min,20,-28.78357107020934,-6.079229109079439
pool_turnover_stem_sp1,min,21,-3.6518705629380936,-5.028990850642207
pool_turnover_stem_sp1,min,22,-37.996698577554355,-7.125245237964066
pool_turnover_stem_sp1,min,23,-34.7577271466607,-7.183999640951882
pool_turnover_stem_sp1,min,24,-33.34057539435866,-7.3218626588999065
pool_turnover_stem_sp1,min,25,-32.800078428036116,-7.4843615019846474
pool_turnover_stem_sp1,min,26,-1.4761514509880524,-5.168648879540876
pool_turnover_stem_sp1,min,27,-43.05415727583488,-8.608474848745253
pool_turnover_stem_sp1,min,28,-38.38381636602808,-8.331429044766637
pool_turnover_stem_sp1,min,29,-35.99059082750585,-8.199112412348164
pool_turnover_stem_sp1,min,30,-34.67789587284239,-8.115004065527895
pool_turnover_stem_sp1,min,31,3.3204030144265686,-4.329973253453625
pool_turnover_stem_sp1,min,32,-44.69087042451996,-9.157193043816477
pool_turnover_stem_sp1,min,33,-38.8500842320554,-8.437484487914173
pool_turnover_stem_sp1,min,34,-35.503568579865515,-7.945114992181594
pool_turnover_stem_sp1,min,35,118.6662713037398,21.094119904169247
pool_turnover_stem_sp1,min,36,7.511756621512509,-2.701282851709909
pool_turnover_stem_sp1,min,37,-20.216879543667357,-4.237270923157956
pool_turnover_stem_sp1,min,38,-20.721829094429413,-4.400643035769168
pool_turnover_stem_sp1,min,39,-20.55382135334486,-4.305590723843721
pool_turnover_stem_sp1,min,40,-19.96091394132611,-4.060632196276117
pool_turnover_stem_sp1,min,41,18.848664877582646,0.7181516954733631
pool_turnover_stem_sp1,min,42,-30.57002345954884,-4.811400983321207
pool_turnover_stem_sp1,min,43,-23.62927247994113,-3.6997744391820007
pool_turnover_stem_sp1,min,44,-19.38465049692174,-2.8967053219752046
pool_turnover_stem_sp1,min,45,-16.481974771035418,-2.249275350007185
pool_turnover_stem_sp1,min,46,26.18144595800011,2.9222956320930606
pool_turnover_stem_sp1,min,47,-25.795295211055883,-2.7149258467285726
pool_turnover_stem_sp1,min,48,-17.987640633470754,-1.5276564489372007
pool_turnover_stem_sp1,min,49,-13.249006137851017,-0.7092853831880213
pool_turnover_stem_sp1,min,50,-10.069134923371147,-0.08851315289273387
pool_turnover_stem_sp1,min,total,-1053.2694664208648,-179.28041044017436
pool_turnover_stem_sp1,max,1,-224.31750960611325,0.0
pool_turnover_stem_sp1,max,2,20.232307781778005,1.2047627991439143
pool_turnover_stem_sp1,max,3,-32.09274148135763,0.7662288404385151
pool_turnover_stem_sp1,max,4,-23.92076104817063,1.3417695738834183
pool_turnover_stem_sp1,max,5,-19.784935200386883,1.7490002912058813
pool_turnover_stem_sp1,max,6,-0.25904318783264824,2.611030078930775
pool_turnover_stem_sp1,max,7,-11.750202726481977,1.7588528969874133
pool_turnover_stem_sp1,max,8,-21.15629905671284,2.5738239167131525
pool_turnover_stem_sp1,max,9,-15.22313557494041,2.670779090270086
pool_turnover_stem_sp1,max,10,-5.1287854156651775,2.2601483296834477
pool_turnover_stem_sp1,max,11,2.4535440595060374,3.229691541305073
pool_turnover_stem_sp1,max,12,-20.279123949216572,3.3206701127817624
pool_turnover_stem_sp1,max,13,-18.464629967933213,3.603124804695625
pool_turnover_stem_sp1,max,14,-17.687974691755475,3.874634612976241
pool_turnover_stem_sp1,max,15,3.653086060992253,1.8780636812759175
pool_turnover_stem_sp1,max,16,3.2644191447039708,3.6564938852775386
pool_turnover_stem_sp1,max,17,-20.609730922340194,4.376439661131563
pool_turnover_stem_sp1,max,18,-18.77926047923882,4.600044494932369
pool_turnover_stem_sp1,max,19,-17.969435488980697,4.82824259188239
pool_turnover_stem_sp1,max,20,-17.64943857841135,5.054903382718553
pool_turnover_stem_sp1,max,21,5.243582187737992,3.866461900033879
pool_turnover_stem_sp1,max,22,-24.911558421602006,5.959894917988283
pool_turnover_stem_sp1,max,23,-21.631152486300486,5.942575019408331
pool_turnover_stem_sp1,max,24,-20.00256403656285,6.016148698895904
pool_turnover_stem_sp1,max,25,-19.18963889325806,6.126078032793409
pool_turnover_stem_sp1,max,26,7.48459413566221,3.7920967071093865
pool_turnover_stem_sp1,max,27,-27.272670126053622,7.173012301036007
pool_turnover_stem_sp1,max,28,-23.161603737835982,6.89078358342546
pool_turnover_stem_sp1,max,29,-21.023894538291255,6.7675838768664285
pool_turnover_stem_sp1,max,30,-19.853520445041728,6.709371362272769
pool_turnover_stem_sp1,max,31,10.718429341401304,3.06805307352111
pool_turnover_stem_sp1,max,32,-27.71293182850237,7.82074555220111
pool_turnover_stem_sp1,max,33,-23.210508281237466,7.202091462903763
pool_turnover_stem_sp1,max,34,-20.736807432216516,6.8216461554674055
pool_turnover_stem_sp1,max,35,80.36135284614538,-17.210798553425178
pool_turnover_stem_sp1,max,36,12.06321437803535,1.8501749048129312
pool_turnover_stem_sp1,max,37,-12.001176854269422,3.9784317662399786
pool_turnover_stem_sp1,max,38,-12.180084676065533,4.141101382594712
pool_turnover_stem_sp1,max,39,-12.130158807794711,4.118071821706426
pool_turnover_stem_sp1,max,40,-11.916019115422383,3.984262629627608
pool_turnover_stem_sp1,max,41,17.437293155849975,-0.6932200262593078
pool_turnover_stem_sp1,max,42,-20.745446783639988,5.0131756925876445
pool_turnover_stem_sp1,max,43,-15.883708619136854,4.045789421622274
pool_turnover_stem_sp1,max,44,-13.102509196908356,3.3854359780381795
pool_turnover_stem_sp1,max,45,-11.357660429023621,2.8750389920046118
pool_turnover_stem_sp1,max,46,20.81972136277324,-2.4394289631338104
pool_turnover_stem_sp1,max,47,-19.41396668172352,3.666402682603792
pool_turnover_stem_sp1,max,48,-13.914824988636179,2.5451591958973747
pool_turnover_stem_sp1,max,49,-10.743609110994404,1.796111643668592
pool_turnover_stem_sp1,max,50,-8.742510917993426,1.2381108524849864
pool_turnover_stem_sp1,max,total,-712.1799893294627,161.80906665122768
proj_cover,min,1,-223.16095138189723,1.1565582242160133
proj_cover,min,2,19.707855657464993,0.6803106748309027
proj_cover,min,3,-31.818674727825233,1.0402955939709102
proj_cover,min,4,-23.925718787314956,1.3368118347390912
proj_cover,min,5,-20.28442270229096,1.2495127893018037
proj_cover,min,6,-2.138042515088678,0.7320307516747455
proj_cover,min,7,-12.839754726752874,0.6693008967165159
proj_cover,min,8,-22.859400298761674,0.870722674664318
proj_cover,min,9,-17.083007987472726,0.8109066777377691
proj_cover,min,10,-6.705511322004412,0.6834224233442132
proj_cover,min,11,-0.49692237645120585,0.27922510534782985
proj_cover,min,12,-23.26674283197348,0.3330512300248536
proj_cover,min,13,-21.492044498316048,0.5757102743127902
proj_cover,min,14,-20.923573709889485,0.6390355948422304
proj_cover,min,15,2.4078926206706353,0.6328702409542997
proj_cover,min,16,-0.15720724905813377,0.23486749151543407
proj_cover,min,17,-24.69961284097376,0.2865577424979975
proj_cover,min,18,-22.83828139377236,0.5410235803988286
proj_cover,min,19,-22.184944237503355,0.6127338433597309
proj_cover,min,20,-22.091950254338347,0.6123917067915556
proj_cover,min,21,1.5000511108759285,0.12293082317181536
proj_cover,min,22,-30.60721196622975,0.2642413733605373
proj_cover,min,23,-26.932588374578053,0.6411391311307639
proj_cover,min,24,-25.290452235522324,0.7282604999364288
proj_cover,min,25,-24.607074969555754,0.7086419564957147
proj_cover,min,26,3.801623296511942,0.1091258679591185
proj_cover,min,27,-34.17733127467928,0.26835115241034657
proj_cover,min,28,-29.34385490674439,0.7085324145170517
proj_cover,min,29,-26.987336609078962,0.8041418060787215
proj_cover,min,30,-25.788555095044092,0.7743367122704043
proj_cover,min,31,7.720259709826191,0.06988344194599705
proj_cover,min,32,-35.308151451083845,0.2255259296196357
proj_cover,min,33,-29.686128853362014,0.7264708907792148
proj_cover,min,34,-26.71988419680745,0.8385693908764722
proj_cover,min,35,98.37938782474748,0.8072364251769244
proj_cover,min,36,10.459916646564968,0.24687717334255055
proj_cover,min,37,-15.926018491014062,0.0535901294953387
proj_cover,min,38,-16.09977410139384,0.2214119572664046
proj_cover,min,39,-15.91027889648214,0.33795173301899695
proj_cover,min,40,-15.494117304401968,0.4061644406480234
proj_cover,min,41,17.92445788779591,-0.20605529431337288
proj_cover,min,42,-25.725215842052013,0.03340663417561984
proj_cover,min,43,-19.347767094380302,0.5817309463788263
proj_cover,min,44,-15.779909645177202,0.708035529769333
proj_cover,min,45,-13.557454406007217,0.6752450150210159
proj_cover,min,46,23.171030419596516,-0.0881199063105349
proj_cover,min,47,-22.99452854720915,0.08584081711816083
proj_cover,min,48,-15.842960786189568,0.617023398343985
proj_cover,min,49,-11.822884361585396,0.7168363930775996
proj_cover,min,50,-9.32060857062012,0.6600131998582928
proj_cover,min,total,-847.1643766468293,26.824679333861127
proj_cover,max,1,-225.58403877296615,-1.266529166852905
proj_cover,max,2,18.250779079438185,-0.7767659031959049
proj_cover,max,3,-34.02697496401495,-1.1680046422188042
proj_cover,max,4,-26.796046403196176,-1.5335157811421283
proj_cover,max,5,-23.019162141404507,-1.485226649811743
proj_cover,max,6,-3.801608853578932,-0.9315355868155084
proj_cover,max,7,-14.34132998748315,-0.8322743640137595
proj_cover,max,8,-24.768444407626586,-1.0383214342005935
proj_cover,max,9,-18.877434187468744,-0.9835195222582485
proj_cover,max,10,-8.233381280444135,-0.8444475350955098
proj_cover,max,11,-1.1648470223279825,-0.38869954052894684
proj_cover,max,12,-24.010871730791656,-0.41107766879332175
proj_cover,max,13,-22.7365073646151,-0.6687525919862622
proj_cover,max,14,-22.318360689704953,-0.7557513849732374
proj_cover,max,15,1.010685634418861,-0.7643367452974745
proj_cover,max,16,-0.7241750220372349,-0.3321002814636671
proj_cover,max,17,-25.346668547337938,-0.36049796386618027
proj_cover,max,18,-24.013978075103125,-0.6346731009319377
proj_cover,max,19,-23.530927905908932,-0.7332498250458457
proj_cover,max,20,-23.453897890830824,-0.7495559297009216
proj_cover,max,21,1.1605370454713761,-0.21658324223273695
proj_cover,max,22,-31.206953019260947,-0.33549967967065797
proj_cover,max,23,-28.32287317406302,-0.7491456683542026
proj_cover,max,24,-26.895156078897248,-0.8764433434384955
proj_cover,max,25,-26.193699706293014,-0.8779827802415454
proj_cover,max,26,3.4681845727852694,-0.224312855767554
proj_cover,max,27,-34.799088424684626,-0.35340599759499725
proj_cover,max,28,-30.885877595874376,-0.8334902746129345
proj_cover,max,29,-28.764687096844458,-0.9732086816867742
proj_cover,max,30,-27.528010781628335,-0.9651189743138389
proj_cover,max,31,7.455650647620235,-0.194725620259959
proj_cover,max,32,-35.842695873960395,-0.30901849325691444
proj_cover,max,33,-31.264609129416105,-0.8520093852748758
proj_cover,max,34,-28.570667032486654,-1.0122134448027325
proj_cover,max,35,96.56744472610464,-1.0047066734659182
proj_cover,max,36,9.818009421655225,-0.3950300515671934
proj_cover,max,37,-16.115753239346347,-0.13614461883694595
proj_cover,max,38,-16.605352296860694,-0.2841662382004486
proj_cover,max,39,-16.65661871436448,-0.40838808486334344
proj_cover,max,40,-16.39163490327716,-0.4913531582271702
proj_cover,max,41,18.307271054526286,0.17675787241700291
proj_cover,max,42,-25.797440962973358,-0.03881848674572552
proj_cover,max,43,-20.575507353474777,-0.6460093127156483
proj_cover,max,44,-17.32091118966689,-0.8329660147203555
proj_cover,max,45,-15.064104076053006,-0.8314046550247731
proj_cover,max,46,23.25779119178712,-0.001359134119930161
proj_cover,max,47,-23.21429148347051,-0.1339221191432003
proj_cover,max,48,-17.171123018619454,-0.7111388340859008
proj_cover,max,49,-13.400958448219503,-0.8612376935565074
proj_cover,max,50,-10.807141508389849,-0.8265197379114362
proj_cover,max,total,-906.847456981159,-32.858401000468575
proj_fire_off,min,1,-224.31750960611325,0.0
proj_fire_off,min,2,19.02754498263409,0.0
proj_fire_off,min,3,-32.85897032179614,0.0
proj_fire_off,min,4,-25.262530622054047,0.0
proj_fire_off,min,5,-21.533935491592764,0.0
proj_fire_off,min,6,-2.8700732667634234,0.0
proj_fire_off,min,7,-13.50905562346939,0.0
proj_fire_off,min,8,-23.730122973425992,0.0
proj_fire_off,min,9,-17.893914665210495,0.0
proj_fire_off,min,10,-7.388933745348625,0.0
proj_fire_off,min,11,-0.7761474817990357,0.0
proj_fire_off,min,12,-23.599794061998335,0.0
proj_fire_off,min,13,-22.067754772628838,0.0
proj_fire_off,min,14,-21.562609304731716,0.0
proj_fire_off,min,15,1.7750223797163356,0.0
proj_fire_off,min,16,-0.39207474057356784,0.0
proj_fire_off,min,17,-24.986170583471758,0.0
proj_fire_off,min,18,-23.379304974171188,0.0
proj_fire_off,min,19,-22.797678080863086,0.0
proj_fire_off,min,20,-22.704341961129902,0.0
proj_fire_off,min,21,1.377120287704113,0.0
proj_fire_off,min,22,-30.87145333959029,0.0
proj_fire_off,min,23,-27.573727505708817,0.0
proj_fire_off,min,24,-26.018712735458752,0.0
proj_fire_off,min,25,-25.31571692605147,0.0
proj_fire_off,min,26,3.6924974285528234,0.0
proj_fire_off,min,27,-34.44568242708963,0.0
proj_fire_off,min,28,-30.052387321261442,0.0
proj_fire_off,min,29,-27.791478415157684,0.0
proj_fire_off,min,30,-26.562891807314497,0.0
proj_fire_off,min,31,7.650376267880194,0.0
proj_fire_off,min,32,-35.53367738070348,0.0
proj_fire_off,min,33,-30.41259974414123,0.0
proj_fire_off,min,34,-27.55845358768392,0.0
proj_fire_off,min,35,97.57215139957056,0.0
proj_fire_off,min,36,10.213039473222418,0.0
proj_fire_off,min,37,-15.979608620509401,0.0
proj_fire_off,min,38,-16.321186058660246,0.0
proj_fire_off,min,39,-16.248230629501137,0.0
proj_fire_off,min,40,-15.900281745049991,0.0
proj_fire_off,min,41,18.130513182109283,0.0
proj_fire_off,min,42,-25.758622476227632,0.0
proj_fire_off,min,43,-19.92949804075913,0.0
proj_fire_off,min,44,-16.487945174946535,0.0
proj_fire_off,min,45,-14.232699421028233,0.0
proj_fire_off,min,46,23.25915032590705,0.0
proj_fire_off,min,47,-23.08036936432731,0.0
proj_fire_off,min,48,-16.459984184533553,0.0
proj_fire_off,min,49,-12.539720754662996,0.0
proj_fire_off,min,50,-9.980621770478413,0.0
proj_fire_off,min,total,-873.9890559806904,0.0
proj_fire_off,max,1,-224.31750960611325,0.0
proj_fire_off,max,2,19.02754498263409,0.0
proj_fire_off,max,3,-32.85897032179614,0.0
proj_fire_off,max,4,-25.262530622054047,0.0
proj_fire_off,max,5,-21.533935491592764,0.0
proj_fire_off,max,6,-2.8700732667634234,0.0
proj_fire_off,max,7,-13.50905562346939,0.0
proj_fire_off,max,8,-23.730122973425992,0.0
proj_fire_off,max,9,-17.893914665210495,0.0
proj_fire_off,max,10,-7.388933745348625,0.0
proj_fire_off,max,11,-0.7761474817990357,0.0
proj_fire_off,max,12,-23.599794061998335,0.0
proj_fire_off,max,13,-22.067754772628838,0.0
proj_fire_off,max,14,-21.562609304731716,0.0
proj_fire_off,max,15,1.7750223797163356,0.0
proj_fire_off,max,16,-0.39207474057356784,0.0
proj_fire_off,max,17,-24.986170583471758,0.0
proj_fire_off,max,18,-23.379304974171188,0.0
proj_fire_off,max,19,-22.797678080863086,0.0
proj_fire_off,max,20,-22.704341961129902,0.0
proj_fire_off,max,21,1.377120287704113,0.0
proj_fire_off,max,22,-30.87145333959029,0.0
proj_fire_off,max,23,-27.573727505708817,0.0
proj_fire_off,max,24,-26.018712735458752,0.0
proj_fire_off,max,25,-25.31571692605147,0.0
proj_fire_off,max,26,3.6924974285528234,0.0
proj_fire_off,max,27,-34.44568242708963,0.0
proj_fire_off,max,28,-30.052387321261442,0.0
proj_fire_off,max,29,-27.791478415157684,0.0
proj_fire_off,max,30,-26.562891807314497,0.0
proj_fire_off,max,31,7.650376267880194,0.0
proj_fire_off,max,32,-35.53367738070348,0.0
proj_fire_off,max,33,-30.41259974414123,0.0
proj_fire_off,max,34,-27.55845358768392,0.0
proj_fire_off,max,35,97.57215139957056,0.0
proj_fire_off,max,36,10.213039473222418,0.0
proj_fire_off,max,37,-15.979608620509401,0.0
proj_fire_off,max,38,-16.321186058660246,0.0
proj_fire_off,max,39,-16.248230629501137,0.0
proj_fire_off,max,40,-15.900281745049991,0.0
proj_fire_off,max,41,18.130513182109283,0.0
proj_fire_off,max,42,-25.758622476227632,0.0
proj_fire_off,max,43,-19.92949804075913,0.0
proj_fire_off,max,44,-16.487945174946535,0.0
proj_fire_off,max,45,-14.232699421028233,0.0
proj_fire_off,max,46,23.25915032590705,0.0
proj_fire_off,max,47,-23.08036936432731,0.0
proj_fire_off,max,48,-16.459984184533553,0.0
proj_fire_off,max,49,-12.539720754662996,0.0
proj_fire_off,max,50,-9.980621770478413,0.0
proj_fire_off,max,total,-873.9890559806904,0.0
proj_fire_on,min,1,-224.31750960611325,0.0
proj_fire_on,min,2,19.02754498263409,0.0
proj_fire_on,min,3,-32.85897032179614,0.0
proj_fire_on,min,4,-9.871083605806904,15.391447016247144
proj_fire_on,min,5,-26.622829010901434,-5.0888935193086695
proj_fire_on,min,6,-21.361341161369776,-18.491267894606352
proj_fire_on,min,7,6.669595124373914,20.178650747843303
proj_fire_on,min,8,-27.186683575514262,-3.4565606020882704
proj_fire_on,min,9,-19.726645246926026,-1.8327305817155306
proj_fire_on,min,10,9.376306957877157,16.765240703225782
proj_fire_on,min,11,-28.191278776084026,-27.41513129428499
proj_fire_on,min,12,-20.16585275449451,3.433941307503826
proj_fire_on,min,13,-1.1329704149342028,20.934784357694635
proj_fire_on,min,14,-26.974032575016434,-5.411423270284718
proj_fire_on,min,15,-1.1354172029448026,-2.9104395826611382
proj_fire_on,min,16,-2.0146578009454146,-1.6225830603718467
proj_fire_on,min,17,-25.914797709622768,-0.9286271261510102
proj_fire_on,min,18,-23.93903410090135,-0.5597291267301614
proj_fire_on,min,19,-0.6267111023471825,22.170966978515903
proj_fire_on,min,20,-30.381091663947863,-7.676749702817961
proj_fire_on,min,21,-27.01586517295932,-28.392985460663432
proj_fire_on,min,22,-0.15357342238111515,30.717879917209174
proj_fire_on,min,23,-32.91164416806239,-5.337916662353571
proj_fire_on,min,24,-28.914756557642544,-2.896043822183792
proj_fire_on,min,25,0.8326525412813188,26.148369467332788
proj_fire_on,min,26,-35.18108837819966,-38.87358580675249
proj_fire_on,min,27,-30.493750401664702,3.9519320254249273
proj_fire_on,min,28,2.5386722212415638,32.591059542503004
proj_fire_on,min,29,-36.9181944423155,-9.12671602715782
proj_fire_on,min,30,-31.526755231564362,-4.963863424249865
proj_fire_on,min,31,4.843586813714655,-2.806789454165539
proj_fire_on,min,32,-37.177188180724954,-1.643510800021474
proj_fire_on,min,33,-31.436357962864413,-1.0237582187231844
proj_fire_on,min,34,7.624202716363181,35.1826563040471
proj_fire_on,min,35,85.28567848543838,-12.286472914132176
proj_fire_on,min,36,-61.657813894336456,-71.87085336755888
proj_fire_on,min,37,32.43733176067042,48.41694038117982
proj_fire_on,min,38,-17.407107788612468,-1.0859217299522221
proj_fire_on,min,39,-16.902463362787557,-0.6542327332864204
proj_fire_on,min,40,16.53978950547927,32.44007125052926
proj_fire_on,min,41,-26.586096348786725,-44.71660953089601
proj_fire_on,min,42,-20.861932666974027,4.896689809253605
proj_fire_on,min,43,17.081538852187848,37.011036892946976
proj_fire_on,min,44,-26.630319765227156,-10.142374590280621
proj_fire_on,min,45,-19.761937544776313,-5.52923812374808
proj_fire_on,min,46,20.132808787329438,-3.1263415385776128
proj_fire_on,min,47,-24.909444414407908,-1.829075050080597
proj_fire_on,min,48,-17.597612313932228,-1.1376281293986743
proj_fire_on,min,49,23.48065458755058,36.020375342213576
proj_fire_on,min,50,-22.623131395588715,-12.642509625110302
proj_fire_on,min,total,-823.217576707333,50.771479273357386
proj_fire_on,max,1,-224.31750960611325,0.0
proj_fire_on,max,2,19.02754498263409,0.0
proj_fire_on,max,3,-32.85897032179614,0.0
proj_fire_on,max,4,-25.262530622054047,0.0
proj_fire_on,max,5,-21.533935491592764,0.0
proj_fire_on,max,6,-18.67790588105262,-15.807832614289197
proj_fire_on,max,7,-8.295508055421173,5.213547568048217
proj_fire_on,max,8,-20.960718498012227,2.769404475413765
proj_fire_on,max,9,-16.384300433917026,1.5096142312934688
proj_fire_on,max,10,-6.554212045630886,0.8347216997177389
proj_fire_on,max,11,-0.2983034249105714,0.4778440568884643
proj_fire_on,max,12,-23.309947381002036,0.2898466809962983
proj_fire_on,max,13,-21.877252530160153,0.19050224246868552
proj_fire_on,max,14,-21.425169695004325,0.1374396097273909
proj_fire_on,max,15,1.8835100330992969,0.10848765338296129
proj_fire_on,max,16,-27.029367563065023,-26.637292822491453
proj_fire_on,max,17,-16.14779654522852,8.838374038243238
proj_fire_on,max,18,-18.639799883854568,4.739505090316619
proj_fire_on,max,19,-20.183760725510005,2.613917355353081
proj_fire_on,max,20,-21.231162377717794,1.473179583412108
proj_fire_on,max,21,2.2457620411148835,0.8686417534107704
proj_fire_on,max,22,-30.322383120369718,0.549070219220571
proj_fire_on,max,23,-27.1945502328904,0.37917727281841707
proj_fire_on,max,24,-25.7312371179152,0.2874756175435529
proj_fire_on,max,25,-25.07916898336229,0.23654794268917811
proj_fire_on,max,26,-24.84535659568787,-28.537854024240694
proj_fire_on,max,27,-24.806588837307903,9.639093589781726
proj_fire_on,max,28,-24.84021132388282,5.212175997378623
proj_fire_on,max,29,-24.8792214353598,2.912256979797885
proj_fire_on,max,30,-24.886563897561164,1.6763279097533328
proj_fire_on,max,31,8.670261891509046,1.019885623628852
proj_fire_on,max,32,-34.862172360222424,0.6715050204810566
proj_fire_on,max,33,-29.927604956475502,0.4849947876657268
proj_fire_on,max,34,-27.175356892173454,0.3830966955104671
proj_fire_on,max,35,97.89752046185735,0.3253690622867964
proj_fire_on,max,36,-54.66131097172713,-64.87435044494956
proj_fire_on,max,37,5.470535563724267,21.450144184233668
proj_fire_on,max,38,-4.753160721661379,11.568025336998867
proj_fire_on,max,39,-9.838132037307439,6.410098592193698
proj_fire_on,max,40,-12.261919493149811,3.6383622519001797
proj_fire_on,max,41,20.29829232792163,2.1677791458123465
proj_fire_on,max,42,-24.369370638160362,1.3892518380672705
proj_fire_on,max,43,-18.95509923347148,0.974398807287649
proj_fire_on,max,44,-15.738346346330307,0.7495988286162287
proj_fire_on,max,45,-13.608751159027925,0.6239482620003081
proj_fire_on,max,46,-12.059722861247268,-35.31887318715432
proj_fire_on,max,47,-10.807474440720071,12.27289492360724
proj_fire_on,max,48,-9.701383331380205,6.758600853153348
proj_fire_on,max,49,-8.664656455377905,3.875064299285091
proj_fire_on,max,50,-7.660023508217394,2.3205982622610186
proj_fire_on,max,total,-917.1244907311697,-43.13543475047925
proj_mortality,min,1,-224.31750960611325,0.0
proj_mortality,min,2,18.61097000541813,-0.4165749772159586
proj_mortality,min,3,-33.20297484146758,-0.3440045196714365
proj_mortality,min,4,-25.732921550574943,-0.4703909285208958
proj_mortality,min,5,-22.101195949220237,-0.5672604576274729
proj_mortality,min,6,-3.53994772785491,-0.6698744610914864
proj_mortality,min,7,-14.106433289251378,-0.5973776657819876
proj_mortality,min,8,-24.539138429878832,-0.8090154564528405
proj_mortality,min,9,-18.72609125638204,-0.832176591171546
proj_mortality,min,10,-8.100412042076393,-0.7114782967277673
proj_mortality,min,11,-1.608808558948938,-0.8326610771499023
proj_mortality,min,12,-24.68360109471412,-1.0838070327157858
proj_mortality,min,13,-23.223265520274797,-1.155510747645959
proj_mortality,min,14,-22.80081714227039,-1.238207837538674
proj_mortality,min,15,1.1224231487055754,-0.6525992310107602
proj_mortality,min,16,-1.3860140543153459,-0.993939313741778
proj_mortality,min,17,-26.469367784011084,-1.4831972005393261
proj_mortality,min,18,-24.929079238547306,-1.5497742643761185
proj_mortality,min,19,-24.43218466529958,-1.6345065844364939
proj_mortality,min,20,-24.433877348330743,-1.7295353872008405
proj_mortality,min,21,0.21581176748240072,-1.1613085202217124
proj_mortality,min,22,-33.029315139482144,-2.1578617998918546
proj_mortality,min,23,-29.737490819339705,-2.163763313630888
proj_mortality,min,24,-28.239363158304094,-2.220650422845342
proj_mortality,min,25,-27.61905047486953,-2.3033335488180597
proj_mortality,min,26,2.384205207137368,-1.3082922214154555
proj_mortality,min,27,-37.30780597802118,-2.8621235509315497
proj_mortality,min,28,-32.85277698836969,-2.8003896671082487
proj_mortality,min,29,-30.610137329884953,-2.818658914727269
proj_mortality,min,30,-29.438457471021124,-2.8755656637066274
proj_mortality,min,31,6.321953057752564,-1.3284232101276299
proj_mortality,min,32,-39.10228459324884,-3.568607212545359
proj_mortality,min,33,-33.8169796862856,-3.40437994214437
proj_mortality,min,34,-30.914750992907933,-3.356297405224012
proj_mortality,min,35,103.06588482568141,5.49373342611085
proj_mortality,min,36,9.142528979450818,-1.0705104937716001
proj_mortality,min,37,-18.496422432393388,-2.5168138118839867
proj_mortality,min,38,-18.96191923919054,-2.640733180530294
proj_mortality,min,39,-18.968190731326526,-2.7199601018253894
proj_mortality,min,40,-18.670538362967296,-2.7702566179173047
proj_mortality,min,41,17.67631172466915,-0.4542014574401314
proj_mortality,min,42,-29.34817597906194,-3.589553502834306
proj_mortality,min,43,-23.16494877168882,-3.235450730929692
proj_mortality,min,44,-19.530808748190342,-3.0428635732438067
proj_mortality,min,45,-17.160166006066948,-2.927466585038715
proj_mortality,min,46,23.30785908361296,0.04870875770590999
proj_mortality,min,47,-26.82233880290403,-3.741969438576721
proj_mortality,min,48,-19.70251299488377,-3.2425288103502155
proj_mortality,min,49,-15.494088485399324,-2.954367730736328
proj_mortality,min,50,-12.750214858514296,-2.769593088035883
proj_mortality,min,total,-958.2244303439434,-84.23537436325296
proj_mortality,max,1,-224.31750960611325,0.0
proj_mortality,max,2,19.444119959850077,0.416574977215987
proj_mortality,max,3,-32.51674411693723,0.3422262048589104
proj_mortality,max,4,-24.795464326778003,0.4670662952760445
proj_mortality,max,5,-20.97215269038996,0.5617828012028028
proj_mortality,max,6,-2.2092753826477645,0.660797884115659
proj_mortality,max,7,-12.921365316651153,0.5876903068182369
proj_mortality,max,8,-22.935552825735954,0.7945701476900382
proj_mortality,max,9,-17.07970655341954,0.8142081117909541
proj_mortality,max,10,-6.696540423751182,0.6923933215974429
proj_mortality,max,11,0.029792629078101207,0.8059401108771369
proj_mortality,max,12,-22.54732558807786,1.0524684739204737
proj_mortality,max,13,-20.949435997969125,1.1183187746597127
proj_mortality,max,14,-20.367970479139263,1.1946388255924525
proj_mortality,max,15,2.3947913720751863,0.6197689923588507
proj_mortality,max,16,0.5515106709366631,0.9435854115102309
proj_mortality,max,17,-23.56512260711982,1.421047976351936
proj_mortality,max,18,-21.899696607380378,1.47960836679081
proj_mortality,max,19,-21.24210464810394,1.5555734327591466
proj_mortality,max,20,-21.063214684265237,1.6411272768646654
proj_mortality,max,21,2.456121072460713,1.0790007847565999
proj_mortality,max,22,-28.828421504979964,2.043031834610325
proj_mortality,max,23,-25.533777305781545,2.0399501999272722
proj_mortality,max,24,-23.932718386171903,2.0859943492868496
proj_mortality,max,25,-23.159123257065097,2.156593668986371
proj_mortality,max,26,4.8789908561739335,1.18649342762111
proj_mortality,max,27,-31.76967143540714,2.676010991682489
proj_mortality,max,28,-27.44664537422912,2.605741947032321
proj_mortality,max,29,-25.179333389286054,2.61214502587163
proj_mortality,max,30,-23.907565434463297,2.6553263728511993
proj_mortality,max,31,8.81661090413126,1.1662346362510654
proj_mortality,max,32,-32.23981877444124,3.2938586062622406
proj_mortality,max,33,-27.28770889717552,3.124890846965709
proj_mortality,max,34,-24.491967701375884,3.066485886308037
proj_mortality,max,35,92.35234217678222,-5.219809222788342
proj_mortality,max,36,11.112251880203324,0.8992124069809062
proj_mortality,max,37,-13.712981237167606,2.2666273833417954
proj_mortality,max,38,-13.949369282828659,2.3718167758315865
proj_mortality,max,39,-13.812717197919664,2.435513431581473
proj_mortality,max,40,-13.428016066033319,2.4722656790166724
proj_mortality,max,41,18.426087465138075,0.29557428302879174
proj_mortality,max,42,-22.540437551401133,3.218184924826499
proj_mortality,max,43,-17.052463181731294,2.877034859027834
proj_mortality,max,44,-13.800833673694862,2.687111501251673
proj_mortality,max,45,-11.663094582697557,2.569604838330676
proj_mortality,max,46,23.063313571177122,-0.19583675472992823
proj_mortality,max,47,-19.776420830987718,3.303948533339593
proj_mortality,max,48,-13.627451225437575,2.8325329590959782
proj_mortality,max,49,-9.982611074284701,2.5571096803782947
proj_mortality,max,50,-7.602798184797873,2.37782358568054
proj_mortality,max,total,-797.2791948458316,76.70986113485878
proj_thinning_delta,min,1,-224.31750960611325,0.0
proj_thinning_delta,min,2,19.02754498263409,0.0
proj_thinning_delta,min,3,-32.85897032179614,0.0
proj_thinning_delta,min,4,-25.262530622054047,0.0
proj_thinning_delta,min,5,-21.533935491592764,0.0
proj_thinning_delta,min,6,-2.8700732667634234,0.0
proj_thinning_delta,min,7,-23.72548133991741,-10.216425716448018
proj_thinning_delta,min,8,-21.451100503325115,2.2790224701008768
proj_thinning_delta,min,9,-20.57512017323677,-2.6812055080262738
proj_thinning_delta,min,10,-20.401304985971564,-13.012371240622938
proj_thinning_delta,min,11,-1.4192048772687462,-0.6430573954697105
proj_thinning_delta,min,12,-27.09668923645542,-3.4968951744570838
proj_thinning_delta,min,13,-24.764977777562542,-2.6972230049337043
proj_thinning_delta,min,14,-23.86295499294495,-2.300345688213234
proj_thinning_delta,min,15,-23.67508671349365,-25.450109093209985
proj_thinning_delta,min,16,-0.6336993543444143,-0.24162461377084643
proj_thinning_delta,min,17,-31.913990466823513,-6.927819883351756
proj_thinning_delta,min,18,-28.828532658774932,-5.449227684603745
proj_thinning_delta,min,19,-27.506846083900577,-4.70916800303749
proj_thinning_delta,min,20,-27.05166280403172,-4.347320842901819
proj_thinning_delta,min,21,0.9765364299384047,-0.4005838577657084
proj_thinning_delta,min,22,-36.24431900043146,-5.372865660841171
proj_thinning_delta,min,23,-32.364587065408024,-4.790859559699207
proj_thinning_delta,min,24,-30.52789131612524,-4.509178580666486
proj_thinning_delta,min,25,-29.691557522281723,-4.375840596230255
proj_thinning_delta,min,26,3.921041685870534,0.22854425731771055
proj_thinning_delta,min,27,-40.234786564516995,-5.7891041374273655
proj_thinning_delta,min,28,-35.14075438603531,-5.08836706477387
proj_thinning_delta,min,29,-32.513461942207655,-4.7219835270499715
proj_thinning_delta,min,30,-31.081807409545068,-4.518915602230571
proj_thinning_delta,min,31,8.593660181226534,0.94328391334634
proj_thinning_delta,min,32,-41.60244270679401,-6.068765326090528
proj_thinning_delta,min,33,-35.59790996224646,-5.185310218105233
proj_thinning_delta,min,34,-32.251316977849896,-4.692863390165975
proj_thinning_delta,min,35,41.770599362595256,-55.8015520369753
proj_thinning_delta,min,36,13.296427488170732,3.083388014948314
proj_thinning_delta,min,37,-30.403196910229852,-14.42358828972045
proj_thinning_delta,min,38,-26.799695308454655,-10.47850924979441
proj_thinning_delta,min,39,-24.557165320193572,-8.308934690692436
proj_thinning_delta,min,40,-22.94279520716224,-7.04251346211225
proj_thinning_delta,min,41,22.02908600864467,3.8985728265353856
proj_thinning_delta,min,42,-34.80309977761658,-9.044477301388948
proj_thinning_delta,min,43,-27.00565029141589,-7.076152250656762
proj_thinning_delta,min,44,-22.395380774721925,-5.90743559977539
proj_thinning_delta,min,45,-19.37089770550241,-5.1381982844741785
proj_thinning_delta,min,46,29.567096745233695,6.307946419326644
proj_thinning_delta,min,47,-30.785368921420186,-7.704999557092876
proj_thinning_delta,min,48,-22.110399894811557,-5.650415710278004
proj_thinning_delta,min,49,-16.95835753518344,-4.418636780520442
proj_thinning_delta,min,50,-13.582811950031688,-3.6021901795532756
proj_thinning_delta,min,total,-1139.533332842243,-265.5442768615526
proj_thinning_delta,max,1,-224.31750960611325,0.0
proj_thinning_delta,max,2,19.02754498263409,0.0
proj_thinning_delta,max,3,-32.85897032179614,0.0
proj_thinning_delta,max,4,-25.262530622054047,0.0
proj_thinning_delta,max,5,-21.533935491592764,0.0
proj_thinning_delta,max,6,-2.8700732667634234,0.0
proj_thinning_delta,max,7,12.032008667650675,25.541064291120065
proj_thinning_delta,max,8,-29.42767909191848,-5.697556118492489
proj_thinning_delta,max,9,-11.190900392438266,6.703014272772229
proj_thinning_delta,max,10,21.057941942313946,28.44687568766257
proj_thinning_delta,max,11,0.8384465240837562,1.614594005882792
proj_thinning_delta,max,12,-15.632632917176704,7.967161144821631
proj_thinning_delta,max,13,-15.886620654302082,6.1811341183267565
proj_thinning_delta,max,14,-16.265786239389946,5.296823065341769
proj_thinning_delta,max,15,28.800501050270082,27.025478670553746
proj_thinning_delta,max,16,0.2791648355571912,0.671239576130759
proj_thinning_delta,max,17,-14.89031217237213,10.095858411099627
proj_thinning_delta,max,18,-15.026219262730326,8.353085711440862
proj_thinning_delta,max,19,-15.296958217259741,7.500719863603345
proj_thinning_delta,max,20,-15.602377024528762,7.10196493660114
proj_thinning_delta,max,21,1.8770730345075184,0.4999527468034053
proj_thinning_delta,max,22,-21.848331749716735,9.023121589873554
proj_thinning_delta,max,23,-19.508475770752256,8.065251734956561
proj_thinning_delta,max,24,-18.414968500855768,7.603744234602985
proj_thinning_delta,max,25,-17.928711518841876,7.3870054072095925
proj_thinning_delta,max,26,3.2495184860922746,-0.4429789424605488
proj_thinning_delta,max,27,-24.643268971087938,9.802413456001691
proj_thinning_delta,max,28,-21.439641388207534,8.612745933053908
proj_thinning_delta,max,29,-19.799983178978216,7.9914952361794676
proj_thinning_delta,max,30,-18.91504906490941,7.647842742405086
proj_thinning_delta,max,31,6.003909798816949,-1.6464664690632453
proj_thinning_delta,max,32,-25.244830827232295,10.288846553471185
proj_thinning_delta,max,33,-21.625788085351616,8.786811658789613
proj_thinning_delta,max,34,-19.608301128756004,7.950152458927917
proj_thinning_delta,max,35,114.18345800855536,16.611306608984805
proj_thinning_delta,max,36,6.7026324128540224,-3.5104070603683954
proj_thinning_delta,max,37,-4.2500180038599,11.729590616649501
proj_thinning_delta,max,38,-6.929683563466392,9.391502495193855
proj_thinning_delta,max,39,-8.193684200227786,8.054546429273351
proj_thinning_delta,max,40,-8.68490347385173,7.2153782711982615
proj_thinning_delta,max,41,12.640602244850754,-5.489910937258529
proj_thinning_delta,max,42,-15.595236580602165,10.163385895625467
proj_thinning_delta,max,43,-12.007286404867084,7.922211635892044
proj_thinning_delta,max,44,-9.897330769585004,6.590614405361531
proj_thinning_delta,max,45,-8.52042952490179,5.712269896126443
proj_thinning_delta,max,46,15.329575415392043,-7.929574910515008
proj_thinning_delta,max,47,-14.254100821345157,8.826268542982154
proj_thinning_delta,max,48,-10.070259137425325,6.389725047108229
proj_thinning_delta,max,49,-7.606089926271185,4.933630828391811
proj_thinning_delta,max,50,-6.008432452454008,3.9721893180244052
proj_thinning_delta,max,total,-555.0349329204046,318.95412306028584
roth_c_cover_c,min,1,-224.30896793854794,0.008541667565310718
roth_c_cover_c,min,2,19.023838036771934,-0.0037069458621559193
roth_c_cover_c,min,3,-33.02211458476465,-0.16314426296850826
roth_c_cover_c,min,4,-25.53953422767222,-0.27700360561817305
roth_c_cover_c,min,5,-21.80156198971392,-0.2676264981211567
roth_c_cover_c,min,6,-2.9939056304256972,-0.12383236366227379
roth_c_cover_c,min,7,-13.614229886749168,-0.1051742632797783
roth_c_cover_c,min,8,-23.89717884210947,-0.16705586868347666
roth_c_cover_c,min,9,-18.051324537431285,-0.15740987222078928
roth_c_cover_c,min,10,-7.515491595970788,-0.12655785062216296
roth_c_cover_c,min,11,-0.7891225326895204,-0.012975050890484674
roth_c_cover_c,min,12,-23.62875578410849,-0.028961722110153687
roth_c_cover_c,min,13,-22.172508364231955,-0.10475359160311726
roth_c_cover_c,min,14,-21.694689947692698,-0.13208064296098243
roth_c_cover_c,min,15,1.636675627956663,-0.1383467517596726
roth_c_cover_c,min,16,-0.4202386662802997,-0.028163925706731874
roth_c_cover_c,min,17,-25.02966616872753,-0.043495585255772795
roth_c_cover_c,min,18,-23.501138362603392,-0.12183338843220426
roth_c_cover_c,min,19,-22.948191139745585,-0.150513058882499
roth_c_cover_c,min,20,-22.86158164521423,-0.15723968408432754
roth_c_cover_c,min,21,1.3582039353647155,-0.01891635233939759
roth_c_cover_c,min,22,-30.929216394837965,-0.05776305524767622
roth_c_cover_c,min,23,-27.745184045430506,-0.17145653972168873
roth_c_cover_c,min,24,-26.224046856055356,-0.2053341205966035
roth_c_cover_c,min,25,-25.521973874041105,-0.20625694798963679
roth_c_cover_c,min,26,3.657821223702511,-0.03467620485031242
roth_c_cover_c,min,27,-34.521799156959815,-0.07611672987018636
roth_c_cover_c,min,28,-30.259247387350506,-0.20686006608906382
roth_c_cover_c,min,29,-28.034296830654252,-0.24281841549656846
roth_c_cover_c,min,30,-26.803025666946,-0.24013385963150213
roth_c_cover_c,min,31,7.613541675530762,-0.03683459234943243
roth_c_cover_c,min,32,-35.608340936528364,-0.07466355582488404
roth_c_cover_c,min,33,-30.63444055624637,-0.2218408121051425
roth_c_cover_c,min,34,-27.8207918808105,-0.26233829312657875
roth_c_cover_c,min,35,97.31323191480602,-0.2589194847645331
roth_c_cover_c,min,36,10.115594385996975,-0.09744508722544332
roth_c_cover_c,min,37,-16.014075990248838,-0.03446736973943665
roth_c_cover_c,min,38,-16.400134511489846,-0.07894845282960006
roth_c_cover_c,min,39,-16.361928210524347,-0.11369758102321015
roth_c_cover_c,min,40,-16.03633105678196,-0.13604931173196988
roth_c_cover_c,min,41,18.171556668585517,0.04104348647623368
roth_c_cover_c,min,42,-25.780442989553467,-0.021820513325835122
roth_c_cover_c,min,43,-20.113343120625178,-0.1838450798660496
roth_c_cover_c,min,44,-16.717265622643076,-0.2293204476965407
roth_c_cover_c,min,45,-14.45844550522029,-0.22574608419205688
roth_c_cover_c,min,46,23.25462336617653,-0.004526959730519309
roth_c_cover_c,min,47,-23.126318608488035,-0.04594924416072388
roth_c_cover_c,min,48,-16.660802135793435,-0.20081795125988222
roth_c_cover_c,min,49,-12.776756118748946,-0.2370353640859495
roth_c_cover_c,min,50,-10.205743738138327,-0.22512196765991455
roth_c_cover_c,min,total,-880.3990662039038,-6.410010223213362
roth_c_cover_c,max,1,-224.32586458034223,-0.008354974228979017
roth_c_cover_c,max,2,19.031308019545328,0.003763036911237805
roth_c_cover_c,max,3,-32.697870423296344,0.1610998984997991
roth_c_cover_c,max,4,-24.99260126846256,0.2699293535914862
roth_c_cover_c,max,5,-21.277211307353706,0.25672418423905796
roth_c_cover_c,max,6,-2.756765939918526,0.11330732684489764
roth_c_cover_c,max,7,-13.411777119167375,0.09727850430201457
roth_c_cover_c,max,8,-23.57019570523019,0.15992726819580128
roth_c_cover_c,max,9,-17.74402796400134,0.14988670120915515
roth_c_cover_c,max,10,-7.269372696795401,0.11956104855322458
roth_c_cover_c,max,11,-0.7679122914160725,0.008235190382963165
roth_c_cover_c,max,12,-23.572857206032435,0.02693685596590001
roth_c_cover_c,max,13,-21.96501450453065,0.10274026809818793
roth_c_cover_c,max,14,-21.433971529451192,0.12863777528052367
roth_c_cover_c,max,15,1.9088372208632256,0.13381484114689002
roth_c_cover_c,max,16,-0.3675832950721887,0.02449144550137916
roth_c_cover_c,max,17,-24.944370536487938,0.04180004698381978
roth_c_cover_c,max,18,-23.259538403114377,0.11976657105681099
roth_c_cover_c,max,19,-22.65093819489609,0.14673988596699772
roth_c_cover_c,max,20,-22.552136243878824,0.15220571725107845
roth_c_cover_c,max,21,1.3920915849556605,0.014971297251547444
roth_c_cover_c,max,22,-30.81536625185456,0.05608708773572957
roth_c_cover_c,max,23,-27.4051036564198,0.1686238492890162
roth_c_cover_c,max,24,-25.818883563390415,0.1998291720683376
roth_c_cover_c,max,25,-25.116668636309594,0.19904828974187438
roth_c_cover_c,max,26,3.721347665011073,0.02885023645824969
roth_c_cover_c,max,27,-34.37248849522897,0.07319393186065781
roth_c_cover_c,max,28,-29.84959101156287,0.2027963096985701
roth_c_cover_c,max,29,-27.55567463378256,0.23580378137512525
roth_c_cover_c,max,30,-26.331575476658372,0.23131633065612434
roth_c_cover_c,max,31,7.6801875328282465,0.02981126494805242
roth_c_cover_c,max,32,-35.462327327461836,0.07135005324164467
roth_c_cover_c,max,33,-30.195119975065115,0.21747976907611388
roth_c_cover_c,max,34,-27.30365910790783,0.25479447977609126
roth_c_cover_c,max,35,97.82154811169141,0.24939671212085557
roth_c_cover_c,max,36,10.302138872628205,0.0890993994057876
roth_c_cover_c,max,37,-15.949490797264833,0.030117823244568243
roth_c_cover_c,max,38,-16.244466763406727,0.07671929525351828
roth_c_cover_c,max,39,-16.1369237201005,0.11130690940063559
roth_c_cover_c,max,40,-15.767514199067271,0.13276754598271978
roth_c_cover_c,max,41,18.087609930738772,-0.042903251370510986
roth_c_cover_c,max,42,-25.735899864397588,0.022722611830044315
roth_c_cover_c,max,43,-19.746855009534567,0.18264303122456127
roth_c_cover_c,max,44,-16.26387762528525,0.22406754966128517
roth_c_cover_c,max,45,-14.01473088382084,0.2179685372073923
roth_c_cover_c,max,46,23.25750391513856,-0.0016464107684903695
roth_c_cover_c,max,47,-23.036782385871774,0.043586978455536496
roth_c_cover_c,max,48,-16.26273528447384,0.19724890005971218
roth_c_cover_c,max,49,-12.309637681922291,0.2300830727407046
roth_c_cover_c,max,50,-9.764395553997137,0.21622621648127627
roth_c_cover_c,max,total,-867.8172042608314,6.171851719858978
roth_c_dpm_frac_crop,min,1,-224.2070628868368,0.1104467192764389
roth_c_dpm_frac_crop,min,2,19.00439873935224,-0.02314624328185033
roth_c_dpm_frac_crop,min,3,-32.87646876915974,-0.017498447363600178
roth_c_dpm_frac_crop,min,4,-25.272236063347933,-0.009705441293885286
roth_c_dpm_frac_crop,min,5,-21.5390674902943,-0.0051319987015361335
roth_c_dpm_frac_crop,min,6,-2.7446182509197357,0.1254550158436878
roth_c_dpm_frac_crop,min,7,-13.473427906379143,0.03562771709024659
roth_c_dpm_frac_crop,min,8,-23.712592463027583,0.017530510398408694
roth_c_dpm_frac_crop,min,9,-17.88430581939027,0.009608845820224587
roth_c_dpm_frac_crop,min,10,-7.383401643484568,0.005532101864057282
roth_c_dpm_frac_crop,min,11,-0.7324940183368027,0.04365346346223298
roth_c_dpm_frac_crop,min,12,-23.592727109799043,0.007066952199291876
roth_c_dpm_frac_crop,min,13,-22.06447587646963,0.003278896159208955
roth_c_dpm_frac_crop,min,14,-21.56040528212361,0.0022040226081045944
roth_c_dpm_frac_crop,min,15,1.7767225625992404,0.0017001828829048549
roth_c_dpm_frac_crop,min,16,-0.35471980125582725,0.03735493931774059
roth_c_dpm_frac_crop,min,17,-24.99916351255105,-0.012992929079292281
roth_c_dpm_frac_crop,min,18,-23.387869854105826,-0.008564879934638725
roth_c_dpm_frac_crop,min,19,-22.801943787479747,-0.004265706616660481
roth_c_dpm_frac_crop,min,20,-22.70616139755639,-0.0018194364264871865
roth_c_dpm_frac_crop,min,21,1.4125287243402598,0.03540843663614668
roth_c_dpm_frac_crop,min,22,-30.86478697806357,0.006666361526718845
roth_c_dpm_frac_crop,min,23,-27.570457100693485,0.003270405015332045
roth_c_dpm_frac_crop,min,24,-26.016555083817497,0.0021576516412551427
roth_c_dpm_frac_crop,min,25,-25.31410538212821,0.0016115439232571305
roth_c_dpm_frac_crop,min,26,3.725406632711348,0.03290920415852483
roth_c_dpm_frac_crop,min,27,-34.45708431111267,-0.011401884023044317
roth_c_dpm_frac_crop,min,28,-30.05991279406539,-0.007525472803948219
roth_c_dpm_frac_crop,min,29,-27.79523327500933,-0.003754859851646586
roth_c_dpm_frac_crop,min,30,-26.56449950424375,-0.0016076969292520005
roth_c_dpm_frac_crop,min,31,7.681512574634615,0.031136306754421028
roth_c_dpm_frac_crop,min,32,-35.47001704060196,0.06366034010152077
roth_c_dpm_frac_crop,min,33,-30.374909855040503,0.03768988910072579
roth_c_dpm_frac_crop,min,34,-27.53744966581096,0.021003921872960518
roth_c_dpm_frac_crop,min,35,97.58400128202142,0.011849882450860605
roth_c_dpm_frac_crop,min,36,10.219985457895875,0.006945984673457417
roth_c_dpm_frac_crop,min,37,-15.975266927219971,0.004341693289429571
roth_c_dpm_frac_crop,min,38,-16.318229936874733,0.002956121785512522
roth_c_dpm_frac_crop,min,39,-16.24602082163666,0.0022098078644781083
roth_c_dpm_frac_crop,min,40,-15.89848460694217,0.001797138107821894
roth_c_dpm_frac_crop,min,41,18.13207262188359,0.0015594397743079469
roth_c_dpm_frac_crop,min,42,-25.75720969423473,0.0014127819929008467
roth_c_dpm_frac_crop,min,43,-19.92818419679685,0.001313843962279293
roth_c_dpm_frac_crop,min,44,-16.48670424976468,0.0012409251818539246
roth_c_dpm_frac_crop,min,45,-14.231516292533417,0.0011831284948158327
roth_c_dpm_frac_crop,min,46,23.26028327049152,0.001132944584469442
roth_c_dpm_frac_crop,min,47,-23.079282198665883,0.001087165661427747
roth_c_dpm_frac_crop,min,48,-16.45893860182051,0.001045582713043558
roth_c_dpm_frac_crop,min,49,-12.538715600337035,0.001005154325961044
roth_c_dpm_frac_crop,min,50,-9.979653373000728,0.0009683974776848459
roth_c_dpm_frac_crop,min,total,-873.4194475570026,0.5696084236877823
roth_c_dpm_frac_crop,max,1,-224.42795598362935,-0.11044637751609798
roth_c_dpm_frac_crop,max,2,19.050691100743936,0.023146118109846014
roth_c_dpm_frac_crop,max,3,-32.84147223636665,0.01749808542949438
roth_c_dpm_frac_crop,max,4,-25.25282516441225,0.009705457641796755
roth_c_dpm_frac_crop,max,5,-21.52880370455778,0.005131787034983404
roth_c_dpm_frac_crop,max,6,-2.9955279911810573,-0.12545472441763383
roth_c_dpm_frac_crop,max,7,-13.544683433544094,-0.03562781007470406
roth_c_dpm_frac_crop,max,8,-23.747653420950602,-0.017530447524610082
roth_c_dpm_frac_crop,max,9,-17.903523474409745,-0.00960880919924989
roth_c_dpm_frac_crop,max,10,-7.394465714659094,-0.005531969310468732
roth_c_dpm_frac_crop,max,11,-0.8198008446797371,-0.04365336288070143
roth_c_dpm_frac_crop,max,12,-23.606860436538426,-0.007066374540091402
roth_c_dpm_frac_crop,max,13,-22.071034311820856,-0.003279539192018177
roth_c_dpm_frac_crop,max,14,-21.56481170572196,-0.002202400990245934
roth_c_dpm_frac_crop,max,15,1.7733212651503738,-0.001701114565961781
roth_c_dpm_frac_crop,max,16,-0.4294293870025614,-0.037354646428993554
roth_c_dpm_frac_crop,max,17,-24.973181725699767,0.012988857771990325
roth_c_dpm_frac_crop,max,18,-23.370740455908894,0.00856451826229332
roth_c_dpm_frac_crop,max,19,-22.793411540671638,0.0042665401914483425
roth_c_dpm_frac_crop,max,20,-22.702524278325626,0.0018176828042761883
roth_c_dpm_frac_crop,max,21,1.3417110187460142,-0.03540926895809893
roth_c_dpm_frac_crop,max,22,-30.878117232621488,-0.006663893031198853
roth_c_dpm_frac_crop,max,23,-27.57699681777431,-0.003269312065494745
roth_c_dpm_frac_crop,max,24,-26.0208724680099,-0.002159732551149318
roth_c_dpm_frac_crop,max,25,-25.317326756290328,-0.001609830238859189
roth_c_dpm_frac_crop,max,26,3.6595886123600896,-0.03290881619273378
roth_c_dpm_frac_crop,max,27,-34.4342802883787,0.011402138710927545
roth_c_dpm_frac_crop,max,28,-30.044860268893366,0.007527052368075715
roth_c_dpm_frac_crop,max,29,-27.787728191714773,0.0037502234429105386
roth_c_dpm_frac_crop,max,30,-26.56128724846013,0.0016045588543676104
roth_c_dpm_frac_crop,max,31,7.619241243998015,-0.031135023882178814
roth_c_dpm_frac_crop,max,32,-35.59733774474848,-0.06366036404499908
roth_c_dpm_frac_crop,max,33,-30.450288394129604,-0.03768864998837529
roth_c_dpm_frac_crop,max,34,-27.579457463154654,-0.02100387547073268
roth_c_dpm_frac_crop,max,35,97.56030259747261,-0.011848802097944144
roth_c_dpm_frac_crop,max,36,10.20609285810431,-0.006946615118108568
roth_c_dpm_frac_crop,max,37,-15.98395078658281,-0.004342166073408649
roth_c_dpm_frac_crop,max,38,-16.3241423810543,-0.0029563223940556327
roth_c_dpm_frac_crop,max,39,-16.250439460622097,-0.002208831120960042
roth_c_dpm_frac_crop,max,40,-15.902079177302285,-0.0017974322522942288
roth_c_dpm_frac_crop,max,41,18.12895491511957,-0.0015582669897113988
roth_c_dpm_frac_crop,max,42,-25.76003462174486,-0.00141214551722868
roth_c_dpm_frac_crop,max,43,-19.93081150135383,-0.0013134605947016098
roth_c_dpm_frac_crop,max,44,-16.489186651822454,-0.001241476875918579
roth_c_dpm_frac_crop,max,45,-14.233882444424399,-0.0011830233961660497
roth_c_dpm_frac_crop,max,46,23.25801807938172,-0.0011322465253300606
roth_c_dpm_frac_crop,max,47,-23.08145659889739,-0.0010872345700789765
roth_c_dpm_frac_crop,max,48,-16.461029921215736,-0.0010457366821832181
roth_c_dpm_frac_crop,max,49,-12.540727056340373,-0.0010063016773766975
roth_c_dpm_frac_crop,max,50,-9.98158920690669,-0.0009674364282776793
roth_c_dpm_frac_crop,max,total,-874.5586668014464,-0.5696108207559973
roth_c_dpm_frac_tree,min,1,-224.3228507869936,-0.005341180880350294
roth_c_dpm_frac_tree,min,2,19.009125507648008,-0.018419474986082207
roth_c_dpm_frac_tree,min,3,-33.249801408154234,-0.39083108635809083
roth_c_dpm_frac_tree,min,4,-25.51404593847469,-0.25151531642064384
roth_c_dpm_frac_tree,min,5,-21.69037795525986,-0.15644246366709424
roth_c_dpm_frac_tree,min,6,-2.756504247233739,0.11356901952968457
roth_c_dpm_frac_tree,min,7,-13.674024451319827,-0.1649688278504371
roth_c_dpm_frac_tree,min,8,-23.900278856234078,-0.17015588280808558
roth_c_dpm_frac_tree,min,9,-17.947928291036337,-0.054013625825842126
roth_c_dpm_frac_tree,min,10,-7.438402053467243,-0.0494683081186178
roth_c_dpm_frac_tree,min,11,-0.5862956321568582,0.1898518496421775
roth_c_dpm_frac_tree,min,12,-23.728107308745358,-0.12831324674702316
roth_c_dpm_frac_tree,min,13,-22.17561093693837,-0.10785616430953127
roth_c_dpm_frac_tree,min,14,-21.64855590478029,-0.08594660004857602
roth_c_dpm_frac_tree,min,15,1.7008934137858809,-0.0741289659304547
roth_c_dpm_frac_tree,min,16,-0.1914899856095893,0.20058475496397854
roth_c_dpm_frac_tree,min,17,-25.115046681109416,-0.12887609763765795
roth_c_dpm_frac_tree,min,18,-23.489960788689,-0.1106558145178127
roth_c_dpm_frac_tree,min,19,-22.88728904489462,-0.08961096403153235
roth_c_dpm_frac_tree,min,20,-22.782434581216027,-0.0780926200861245
roth_c_dpm_frac_tree,min,21,1.6445401070477401,0.267419819343627
roth_c_dpm_frac_tree,min,22,-31.07677470641977,-0.2053213668294802
roth_c_dpm_frac_tree,min,23,-27.735672775804996,-0.16194527009617943
roth_c_dpm_frac_tree,min,24,-26.139586606182657,-0.12087387072390499
roth_c_dpm_frac_tree,min,25,-25.413588120828205,-0.09787119477673656
roth_c_dpm_frac_tree,min,26,4.011869565300881,0.3193721367480573
roth_c_dpm_frac_tree,min,27,-34.68650728644876,-0.24082485935912956
roth_c_dpm_frac_tree,min,28,-30.239290228075074,-0.18690290681363209
roth_c_dpm_frac_tree,min,29,-27.92775370851092,-0.1362752933532363
roth_c_dpm_frac_tree,min,30,-26.67033545084466,-0.10744364353016422
roth_c_dpm_frac_tree,min,31,8.031970945686044,0.3815946778058503
roth_c_dpm_frac_tree,min,32,-35.805138468086405,-0.2714610873829244
roth_c_dpm_frac_tree,min,33,-30.619741528671817,-0.20714178453058807
roth_c_dpm_frac_tree,min,34,-27.705156473834336,-0.1467028861504147
roth_c_dpm_frac_tree,min,35,97.460411473499,-0.11173992607156435
roth_c_dpm_frac_tree,min,36,10.49023645566183,0.2771969824394116
roth_c_dpm_frac_tree,min,37,-15.977317529927422,0.0022910905819788496
roth_c_dpm_frac_tree,min,38,-16.351974987493268,-0.03078892883302231
roth_c_dpm_frac_tree,min,39,-16.289146445021004,-0.04091581551986678
roth_c_dpm_frac_tree,min,40,-15.94511482778639,-0.04483308273639963
roth_c_dpm_frac_tree,min,41,18.564506089855957,0.4339929077466742
roth_c_dpm_frac_tree,min,42,-25.994466658247124,-0.2358441820194912
roth_c_dpm_frac_tree,min,43,-20.1034214521749,-0.17392341141577106
roth_c_dpm_frac_tree,min,44,-16.6014692952065,-0.11352412025996372
roth_c_dpm_frac_tree,min,45,-14.310449776346985,-0.07775035531875218
roth_c_dpm_frac_tree,min,46,23.715571565342792,0.4564212394357412
roth_c_dpm_frac_tree,min,47,-23.32905947595638,-0.2486901116290703
roth_c_dpm_frac_tree,min,48,-16.636071336714316,-0.17608715218076298
roth_c_dpm_frac_tree,min,49,-12.647715491160204,-0.10799473649720781
roth_c_dpm_frac_tree,min,50,-10.048438591431017,-0.06781682095260422
roth_c_dpm_frac_tree,min,total,-876.724070949658,-2.735014968967562
roth_c_dpm_frac_tree,max,1,-224.31216839698436,0.0053412091288862484
roth_c_dpm_frac_tree,max,2,19.045964438932476,0.018419456298385484
roth_c_dpm_frac_tree,max,3,-32.46813911529248,0.39083120650366254
roth_c_dpm_frac_tree,max,4,-25.011015226618817,0.2515153954352307
roth_c_dpm_frac_tree,max,5,-21.37749371929111,0.15644177230165468
roth_c_dpm_frac_tree,max,6,-2.983642188499612,-0.1135689217361886
roth_c_dpm_frac_tree,max,7,-13.344086744812959,0.16496887865643117
roth_c_dpm_frac_tree,max,8,-23.55996716620863,0.17015580721736256
roth_c_dpm_frac_tree,max,9,-17.839900773016392,0.05401389219410291
roth_c_dpm_frac_tree,max,10,-7.339464616087396,0.04946912926122948
roth_c_dpm_frac_tree,max,11,-0.9659995218010686,-0.18985204000203293
roth_c_dpm_frac_tree,max,12,-23.47148029526292,0.12831376673541328
roth_c_dpm_frac_tree,max,13,-21.95989773733155,0.10785703529728963
roth_c_dpm_frac_tree,max,14,-21.476661797486006,0.08594750724570943
roth_c_dpm_frac_tree,max,15,1.849151549835181,0.07412917011884534
roth_c_dpm_frac_tree,max,16,-0.5926582839180146,-0.20058354334444672
roth_c_dpm_frac_tree,max,17,-24.857296138761647,0.12887444471011023
roth_c_dpm_frac_tree,max,18,-23.268650416718696,0.11065455745249153
roth_c_dpm_frac_tree,max,19,-22.70806351717862,0.08961456368446719
roth_c_dpm_frac_tree,max,20,-22.626249626668727,0.07809233446117503
roth_c_dpm_frac_tree,max,21,1.1096974627080827,-0.26742282499603043
roth_c_dpm_frac_tree,max,22,-30.66612877198981,0.2053245676004778
roth_c_dpm_frac_tree,max,23,-27.411781967697518,0.16194553801129885
roth_c_dpm_frac_tree,max,24,-25.897839950970152,0.12087278448860062
roth_c_dpm_frac_tree,max,25,-25.21784459757398,0.09787232847748939
roth_c_dpm_frac_tree,max,26,3.373123273395873,-0.3193741551569502
roth_c_dpm_frac_tree,max,27,-34.20485701672397,0.24082541036565885
roth_c_dpm_frac_tree,max,28,-29.865484295992967,0.18690302526847447
roth_c_dpm_frac_tree,max,29,-27.655207178101435,0.1362712370562491
roth_c_dpm_frac_tree,max,30,-26.455449807790732,0.10744199952376476
roth_c_dpm_frac_tree,max,31,7.268782872186378,-0.381593395693816
roth_c_dpm_frac_tree,max,32,-35.26221780092922,0.27145957977425894
roth_c_dpm_frac_tree,max,33,-30.205456339616962,0.20714340452426683
roth_c_dpm_frac_tree,max,34,-27.411749180728084,0.14670440695583764
roth_c_dpm_frac_tree,max,35,97.68389260793478,0.11174120836422219
roth_c_dpm_frac_tree,max,36,9.935841520857982,-0.27719795236443545
roth_c_dpm_frac_tree,max,37,-15.981900445452965,-0.002291824943563725
roth_c_dpm_frac_tree,max,38,-16.290395577793173,0.030790480867072034
roth_c_dpm_frac_tree,max,39,-16.207314514287773,0.04091611521336347
roth_c_dpm_frac_tree,max,40,-15.855447989170399,0.044833755879592374
roth_c_dpm_frac_tree,max,41,17.696520669889686,-0.43399251221959645
roth_c_dpm_frac_tree,max,42,-25.5227763244942,0.23584615173343337
roth_c_dpm_frac_tree,max,43,-19.755573257456803,0.17392478330232564
roth_c_dpm_frac_tree,max,44,-16.374421124705815,0.11352405024071999
roth_c_dpm_frac_tree,max,45,-14.154949898400996,0.07774952262723644
roth_c_dpm_frac_tree,max,46,22.802729100305935,-0.4564212256011153
roth_c_dpm_frac_tree,max,47,-22.831680181924607,0.24868918240270332
roth_c_dpm_frac_tree,max,48,-16.283897955266013,0.1760862292675398
roth_c_dpm_frac_tree,max,49,-12.431724836460328,0.1079959182026684
roth_c_dpm_frac_tree,max,50,-9.912805240075219,0.06781653040319391
roth_c_dpm_frac_tree,max,total,-871.2540360394958,2.7350199411946505
roth_c_moisture_b_slope,min,1,-224.32660673271738,-0.0090971266041322
roth_c_moisture_b_slope,min,2,19.031648969479107,0.004103986845017005
roth_c_moisture_b_slope,min,3,-32.683486669298524,0.17548365249761844
roth_c_moisture_b_slope,min,4,-24.96867543552832,0.29385518652572884
roth_c_moisture_b_slope,min,5,-21.254650380807316,0.27928511078544815
roth_c_moisture_b_slope,min,6,-2.7470725087889347,0.12300075797448873
roth_c_moisture_b_slope,min,7,-13.403393234391215,0.10566238907817471
roth_c_moisture_b_slope,min,8,-23.556145432556768,0.1739775408692239
roth_c_moisture_b_slope,min,9,-17.730900996976608,0.1630136682338872
roth_c_moisture_b_slope,min,10,-7.258946427276284,0.12998731807234165
roth_c_moisture_b_slope,min,11,-0.7673860431136816,0.008761438685354062
roth_c_moisture_b_slope,min,12,-23.570520497045514,0.029273564952820408
roth_c_moisture_b_slope,min,13,-21.955866602025747,0.1118881706030912
roth_c_moisture_b_slope,min,14,-21.42256953761045,0.14003976712126587
roth_c_moisture_b_slope,min,15,1.920654860940699,0.14563248122436345
roth_c_moisture_b_slope,min,16,-0.36555216392235224,0.0265225766512156
roth_c_moisture_b_slope,min,17,-24.940685007078184,0.04548557639357398
roth_c_moisture_b_slope,min,18,-23.24886670412408,0.13043827004710806
roth_c_moisture_b_slope,min,19,-22.637927663306442,0.1597504175566442
roth_c_moisture_b_slope,min,20,-22.538691936643964,0.16565002448593802
roth_c_moisture_b_slope,min,21,1.3932534564022836,0.016133168698170497
roth_c_moisture_b_slope,min,22,-30.810398022622117,0.061055316968172235
roth_c_moisture_b_slope,min,23,-27.390078920615462,0.1836485850933549
roth_c_moisture_b_slope,min,24,-25.801181612822262,0.21753112263649044
roth_c_moisture_b_slope,min,25,-25.099117846330973,0.21659907972049552
roth_c_moisture_b_slope,min,26,3.72366854507693,0.031171116524106424
roth_c_moisture_b_slope,min,27,-34.36603864275185,0.07964378433777597
roth_c_moisture_b_slope,min,28,-29.831551968443478,0.2208353528179643
roth_c_moisture_b_slope,min,29,-27.534809764021055,0.2566686511366285
roth_c_moisture_b_slope,min,30,-26.311197887257176,0.2516939200573205
roth_c_moisture_b_slope,min,31,7.682539978279143,0.032163710398949164
roth_c_moisture_b_slope,min,32,-35.4560600931826,0.07761728752088004
roth_c_moisture_b_slope,min,33,-30.1757738441123,0.23682590002892923
roth_c_moisture_b_slope,min,34,-27.281112763425586,0.27734082425833506
roth_c_moisture_b_slope,min,35,97.84351824298258,0.2713668434120251
roth_c_moisture_b_slope,min,36,10.309758166923118,0.09671869370069963
roth_c_moisture_b_slope,min,37,-15.946979407643312,0.03262921286608922
roth_c_moisture_b_slope,min,38,-16.237668863771695,0.08351719488855025
roth_c_moisture_b_slope,min,39,-16.127028296697027,0.12120233280410986
roth_c_moisture_b_slope,min,40,-15.755736607596358,0.1445451374536333
roth_c_moisture_b_slope,min,41,18.083663821423578,-0.04684936068570522
roth_c_moisture_b_slope,min,42,-25.73381235771792,0.02481011850971271
roth_c_moisture_b_slope,min,43,-19.7304978558588,0.19900018490032778
roth_c_moisture_b_slope,min,44,-16.243991789821788,0.2439533851247475
roth_c_moisture_b_slope,min,45,-13.99550974047068,0.2371896805575524
roth_c_moisture_b_slope,min,46,23.2570639962845,-0.002086329622549954
roth_c_moisture_b_slope,min,47,-23.032971599251056,0.04739776507625493
roth_c_moisture_b_slope,min,48,-16.245172345071353,0.21481183946220028
roth_c_moisture_b_slope,min,49,-12.28928680894443,0.2504339457185658
roth_c_moisture_b_slope,min,50,-9.74538088890185,0.2352408815765621
roth_c_moisture_b_slope,min,total,-867.273531862751,6.715524117939367
roth_c_moisture_b_slope,max,1,-224.3081905087893,0.009319097323952974
roth_c_moisture_b_slope,max,2,19.023507416643696,-0.004037565990394398
roth_c_moisture_b_slope,max,3,-33.03688256454716,-0.17791224275102024
roth_c_moisture_b_slope,max,4,-25.56478911338593,-0.30225849133188376
roth_c_moisture_b_slope,max,5,-21.82617161323931,-0.2922361216465461
roth_c_moisture_b_slope,max,6,-3.0055770487602285,-0.13550378199680502
roth_c_moisture_b_slope,max,7,-13.624098559875115,-0.11504293640572527
roth_c_moisture_b_slope,max,8,-23.912569826465646,-0.1824468530396537
roth_c_moisture_b_slope,max,9,-18.06586631910414,-0.1719516538936432
roth_c_moisture_b_slope,max,10,-7.527233525664959,-0.13829978031633416
roth_c_moisture_b_slope,max,11,-0.7905404877817666,-0.014393005982730855
roth_c_moisture_b_slope,max,12,-23.63147404642194,-0.031679984423604424
roth_c_moisture_b_slope,max,13,-22.182033881855993,-0.11427910922715512
roth_c_moisture_b_slope,max,14,-21.706740876158506,-0.14413157142679012
roth_c_moisture_b_slope,max,15,1.6240075985692926,-0.15101478114704303
roth_c_moisture_b_slope,max,16,-0.42296073365219833,-0.03088599307863049
roth_c_moisture_b_slope,max,17,-25.033668130254295,-0.04749754678253737
roth_c_moisture_b_slope,max,18,-23.51219701264307,-0.13289203847188347
roth_c_moisture_b_slope,max,19,-22.961911675774548,-0.16423359491146172
roth_c_moisture_b_slope,max,20,-22.87597172670421,-0.1716297655743091
roth_c_moisture_b_slope,max,21,1.3562993119730828,-0.020820975731030256
roth_c_moisture_b_slope,max,22,-30.93449965173274,-0.06304631214245049
roth_c_moisture_b_slope,max,23,-27.760742778150902,-0.1870152724420855
roth_c_moisture_b_slope,max,24,-26.242783168458637,-0.22407043299988416
roth_c_moisture_b_slope,max,25,-25.540881336986494,-0.22516441093502593
roth_c_moisture_b_slope,max,26,3.6544051561687456,-0.03809227238407775
roth_c_moisture_b_slope,max,27,-34.528798346526074,-0.08311591943644459
roth_c_moisture_b_slope,max,28,-30.27805163821963,-0.22566431695818778
roth_c_moisture_b_slope,max,29,-28.05647956971426,-0.26500115455657536
roth_c_moisture_b_slope,max,30,-26.825060024542076,-0.262168217227579
roth_c_moisture_b_slope,max,31,7.609869001530699,-0.0405072663494952
roth_c_moisture_b_slope,max,32,-35.61523115718275,-0.08155377647926798
roth_c_moisture_b_slope,max,33,-30.654606820351674,-0.24200707621044515
roth_c_moisture_b_slope,max,34,-27.844756126275538,-0.2863025385916167
roth_c_moisture_b_slope,max,35,97.28947194043283,-0.2826794591377251
roth_c_moisture_b_slope,max,36,10.106407205722519,-0.10663226749989896
roth_c_moisture_b_slope,max,37,-16.017405532099207,-0.03779691158980647
roth_c_moisture_b_slope,max,38,-16.407353322222967,-0.08616726356272153
roth_c_moisture_b_slope,max,39,-16.372272471115785,-0.12404184161464826
roth_c_moisture_b_slope,max,40,-16.048726241059917,-0.14844449600992604
roth_c_moisture_b_slope,max,41,18.175151627946423,0.044638445837140495
roth_c_moisture_b_slope,max,42,-25.782362507660256,-0.02374003143262371
roth_c_moisture_b_slope,max,43,-20.129926126314572,-0.2004280855554441
roth_c_moisture_b_slope,max,44,-16.73813768657052,-0.25019251162398604
roth_c_moisture_b_slope,max,45,-14.479127631315373,-0.24642821028714046
roth_c_moisture_b_slope,max,46,23.25390352605167,-0.005246799855381568
roth_c_moisture_b_slope,max,47,-23.130575831347503,-0.05020646702019249
roth_c_moisture_b_slope,max,48,-16.679034405659188,-0.21905022112563444
roth_c_moisture_b_slope,max,49,-12.798413469900883,-0.2586927152378866
roth_c_moisture_b_slope,max,50,-10.226430210676051,-0.2458084401976386
roth_c_moisture_b_slope,max,total,-880.9875109201224,-6.998454939432008
roth_c_temp_a1,min,1,-224.28640797130632,0.03110163480693018
roth_c_temp_a1,min,2,19.014681227905953,-0.012863754728137167
roth_c_temp_a1,min,3,-33.44505161010422,-0.5860812883080797
roth_c_temp_a1,min,4,-26.274495590484573,-1.0119649684305259
roth_c_temp_a1,min,5,-22.53198654116794,-0.9980510495751744
roth_c_temp_a1,min,6,-3.359762418460768,-0.4896891516973447
roth_c_temp_a1,min,7,-13.921758726290001,-0.4127031028206112
roth_c_temp_a1,min,8,-24.357519359851164,-0.6273963864251719
roth_c_temp_a1,min,9,-18.488725062756775,-0.5948103975462793
roth_c_temp_a1,min,10,-7.8722864946296,-0.48335274928097505
roth_c_temp_a1,min,11,-0.847386211777605,-0.07123872997856928
roth_c_temp_a1,min,12,-23.71461643043576,-0.11482236843742655
roth_c_temp_a1,min,13,-22.449146244404066,-0.3813914717752276
roth_c_temp_a1,min,14,-22.046692810342563,-0.48408350561084745
roth_c_temp_a1,min,15,1.2637504230384473,-0.5112719566778883
roth_c_temp_a1,min,16,-0.510190334551591,-0.11811559397802318
roth_c_temp_a1,min,17,-25.149483748472043,-0.16331316500028592
roth_c_temp_a1,min,18,-23.82042442404686,-0.4411194498756714
roth_c_temp_a1,min,19,-23.34786928036372,-0.5501911995006346
roth_c_temp_a1,min,20,-23.284422736140474,-0.5800807750105719
roth_c_temp_a1,min,21,1.2906284906240986,-0.08649179708001453
roth_c_temp_a1,min,22,-31.085085432656076,-0.21363209306578668
roth_c_temp_a1,min,23,-28.193598464839564,-0.619870959130747
roth_c_temp_a1,min,24,-26.770640504203797,-0.7519277687450447
roth_c_temp_a1,min,25,-26.079406140737603,-0.7636892146861349
roth_c_temp_a1,min,26,3.541031840961707,-0.15146558759111617
roth_c_temp_a1,min,27,-34.73065924951497,-0.2849768224253424
roth_c_temp_a1,min,28,-30.803593116386537,-0.7512057951250952
roth_c_temp_a1,min,29,-28.683314827036778,-0.891836411879094
roth_c_temp_a1,min,30,-27.45425825620688,-0.8913664488923843
roth_c_temp_a1,min,31,7.485194992921286,-0.16518127495890766
roth_c_temp_a1,min,32,-35.81581593074648,-0.28213855004300115
roth_c_temp_a1,min,33,-31.2183830419037,-0.8057832977624706
roth_c_temp_a1,min,34,-28.521875569860686,-0.9634219821767651
roth_c_temp_a1,min,35,96.61101969634244,-0.9611317032281192
roth_c_temp_a1,min,36,9.827359887530744,-0.3856795856916744
roth_c_temp_a1,min,37,-16.124661956736094,-0.14505333622669347
roth_c_temp_a1,min,38,-16.612551770215074,-0.29136571155482827
roth_c_temp_a1,min,39,-16.66214711502673,-0.41391648552559346
roth_c_temp_a1,min,40,-16.396826274432613,-0.4965445293826214
roth_c_temp_a1,min,41,18.266599940071618,0.13608675796233527
roth_c_temp_a1,min,42,-25.832057338424324,-0.0734348621966916
roth_c_temp_a1,min,43,-20.583932894797623,-0.6544348540384952
roth_c_temp_a1,min,44,-17.32190583964241,-0.8339606646958764
roth_c_temp_a1,min,45,-15.066703007957495,-0.8340035869292617
roth_c_temp_a1,min,46,23.213422429398957,-0.045727896508093835
roth_c_temp_a1,min,47,-23.255590290650584,-0.17522092632327357
roth_c_temp_a1,min,48,-17.186799206954785,-0.7268150224212313
roth_c_temp_a1,min,49,-13.410108126869984,-0.8703873722069879
roth_c_temp_a1,min,50,-10.818668163245817,-0.8380463927674047
roth_c_temp_a1,min,total,-897.8231195858374,-23.83406360514698
roth_c_temp_a1,max,1,-224.3462652345147,-0.028755628401455624
roth_c_temp_a1,max,2,19.04109778032892,0.0135527976948282
roth_c_temp_a1,max,3,-32.29846322384409,0.5605070979520548
roth_c_temp_a1,max,4,-24.338978831266882,0.9235517907871653
roth_c_temp_a1,max,5,-20.67230555491774,0.8616299366750226
roth_c_temp_a1,max,6,-2.5123446273668844,0.3577286393965391
roth_c_temp_a1,max,7,-13.19578667395071,0.31326894951867956
roth_c_temp_a1,max,8,-23.192647843238284,0.5374751301877083
roth_c_temp_a1,max,9,-17.393947523160588,0.49996714204990766
roth_c_temp_a1,max,10,-6.993850676822902,0.3950830685257234
roth_c_temp_a1,max,11,-0.7649343570922822,0.011213124706753508
roth_c_temp_a1,max,12,-23.511069135962252,0.08872492603608251
roth_c_temp_a1,max,13,-21.712114291356325,0.3556404812725127
roth_c_temp_a1,max,14,-21.122036645346057,0.4405726593856585
roth_c_temp_a1,max,15,2.2293336424755665,0.45431126275923095
roth_c_temp_a1,max,16,-0.32024619825963274,0.0718285423139351
roth_c_temp_a1,max,17,-24.844396250957207,0.14177433251455085
roth_c_temp_a1,max,18,-22.964316399141516,0.4149885750296711
roth_c_temp_a1,max,19,-22.294895032422335,0.502783048440751
roth_c_temp_a1,max,20,-22.18740768382996,0.5169342772999421
roth_c_temp_a1,max,21,1.4140942493880169,0.03697396168390377
roth_c_temp_a1,max,22,-30.679151064914084,0.1923022746762051
roth_c_temp_a1,max,23,-26.98955297134792,0.5841745343608977
roth_c_temp_a1,max,24,-25.33577836462386,0.682934370834893
roth_c_temp_a1,max,25,-24.642372491902158,0.6733444341493104
roth_c_temp_a1,max,26,3.770853945542662,0.07835651698983881
roth_c_temp_a1,max,27,-34.19772846565957,0.24795396143005632
roth_c_temp_a1,max,28,-29.35236080450501,0.7000265167564308
roth_c_temp_a1,max,29,-26.987561098963457,0.8039173161942266
roth_c_temp_a1,max,30,-25.782060718388713,0.7808310889257832
roth_c_temp_a1,max,31,7.727371112957307,0.07699484507711318
roth_c_temp_a1,max,32,-35.293524623952365,0.24015275675111525
roth_c_temp_a1,max,33,-29.661791250395712,0.7508084937455166
roth_c_temp_a1,max,34,-26.689678886640596,0.8687747010433249
roth_c_temp_a1,max,35,98.41389213456482,0.8417407349942607
roth_c_temp_a1,max,36,10.493980840640333,0.2809413674179151
roth_c_temp_a1,max,37,-15.8895122086358,0.09009641187360096
roth_c_temp_a1,max,38,-16.05822061754379,0.2629654411164566
roth_c_temp_a1,max,39,-15.864555593149522,0.38367503635161526
roth_c_temp_a1,max,40,-15.444972190948388,0.45530955410160345
roth_c_temp_a1,max,41,17.971069902451145,-0.15944327965813798
roth_c_temp_a1,max,42,-25.67409692364288,0.08452555258475059
roth_c_temp_a1,max,43,-19.29003461129432,0.6394634294648078
roth_c_temp_a1,max,44,-15.719465333822333,0.7684798411242024
roth_c_temp_a1,max,45,-13.495783373034064,0.7369160479941694
roth_c_temp_a1,max,46,23.22771244137235,-0.03143788453470009
roth_c_temp_a1,max,47,-22.934955738522156,0.14541362580515482
roth_c_temp_a1,max,48,-15.777922776199405,0.6820614083341479
roth_c_temp_a1,max,49,-11.756306121101694,0.7834146335613017
roth_c_temp_a1,max,50,-9.253893211938411,0.7267285585400014
roth_c_temp_a1,max,total,-853.1478795748554,20.84117640583497
roth_c_temp_a2,min,1,-224.38887345743103,-0.07136385131778411
roth_c_temp_a2,min,2,19.064541906267937,0.03699692363384699
roth_c_temp_a2,min,3,-31.43914615517012,1.4198241666260216
roth_c_temp_a2,min,4,-23.00903165544283,2.253498966611218
roth_c_temp_a2,min,5,-19.5154814820948,2.0184540094979653
roth_c_temp_a2,min,6,-2.144644986439345,0.7254282803240786
roth_c_temp_a2,min,7,-12.826930209765589,0.6821254137038011
roth_c_temp_a2,min,8,-22.450879344051483,1.279243629374509
roth_c_temp_a2,min,9,-16.727275918974996,1.166638746235499
roth_c_temp_a2,min,10,-6.484202309914293,0.9047314354343321
roth_c_temp_a2,min,11,-0.8259538669125543,-0.04980638511351865
roth_c_temp_a2,min,12,-23.38620447840211,0.21358958359622449
roth_c_temp_a2,min,13,-21.169244325443234,0.898510447185604
roth_c_temp_a2,min,14,-20.480543526684592,1.0820657780471237
roth_c_temp_a2,min,15,2.8695614724838547,1.0945390927675192
roth_c_temp_a2,min,16,-0.2761135693932637,0.11596117118030413
roth_c_temp_a2,min,17,-24.637085962872415,0.3490846205993421
roth_c_temp_a2,min,18,-22.33351203576209,1.0457929384090967
roth_c_temp_a2,min,19,-21.564336577407087,1.2333415034559998
roth_c_temp_a2,min,20,-21.459628776954627,1.244713184175275
roth_c_temp_a2,min,21,1.3948477416559162,0.017727453951803085
roth_c_temp_a2,min,22,-30.38952547746534,0.4819278621249481
roth_c_temp_a2,min,23,-26.105023121762137,1.4687043839466796
roth_c_temp_a2,min,24,-24.354498209058928,1.6642145263998245
roth_c_temp_a2,min,25,-23.7091344831232,1.6065824429282678
roth_c_temp_a2,min,26,3.780515805597682,0.08801837704485882
roth_c_temp_a2,min,27,-33.83971610305359,0.6059663240360393
roth_c_temp_a2,min,28,-28.30426449990785,1.7481228213535935
roth_c_temp_a2,min,29,-25.841652499787543,1.9498259153701412
roth_c_temp_a2,min,30,-24.707849964741314,1.8550418425731827
roth_c_temp_a2,min,31,7.711874841850072,0.06149857396987812
roth_c_temp_a2,min,32,-34.95222432851053,0.5814530521929484
roth_c_temp_a2,min,33,-28.536475791570233,1.876123952570996
roth_c_temp_a2,min,34,-25.450881510062036,2.107572077621885
roth_c_temp_a2,min,35,99.57074590610165,1.9985945065310915
roth_c_temp_a2,min,36,10.77914814766839,0.5661086744459727
roth_c_temp_a2,min,37,-15.813951283800915,0.16565733670848637
roth_c_temp_a2,min,38,-15.666688949504476,0.6544971091557699
roth_c_temp_a2,min,39,-15.293013593861058,0.9552170356400786
roth_c_temp_a2,min,40,-14.782937454321445,1.1173442907285462
roth_c_temp_a2,min,41,17.670971825773055,-0.45954135633622784
roth_c_temp_a2,min,42,-25.511172992148985,0.24744948407864698
roth_c_temp_a2,min,43,-18.294718669108786,1.6347793716503425
roth_c_temp_a2,min,44,-14.60929382787809,1.8786513470684447
roth_c_temp_a2,min,45,-12.48354825871139,1.749151162316842
roth_c_temp_a2,min,46,23.045454413462497,-0.21369591244455322
roth_c_temp_a2,min,47,-22.732988190642327,0.3473811736849832
roth_c_temp_a2,min,48,-14.75341529343431,1.7065688910992431
roth_c_temp_a2,min,49,-10.648868510238595,1.8908522444244014
roth_c_temp_a2,min,50,-8.274291351733874,1.706330418744539
roth_c_temp_a2,min,total,-824.2875609426824,49.701495038008034
roth_c_temp_a2,max,1,-224.24838952751335,0.06912007859989444
roth_c_temp_a2,max,2,19.001033161407804,-0.02651182122628626
roth_c_temp_a2,max,3,-34.12953225268009,-1.2705619308839502
roth_c_temp_a2,max,4,-27.513708732768748,-2.251178110714701
roth_c_temp_a2,max,5,-23.829586666035528,-2.2956511744427637
roth_c_temp_a2,max,6,-4.10045032014386,-1.2303770533804368
roth_c_temp_a2,max,7,-14.54647112382271,-1.0374155003533208
roth_c_temp_a2,max,8,-25.205839375843404,-1.4757164024174116
roth_c_temp_a2,max,9,-19.30474404893876,-1.410829383728263
roth_c_temp_a2,max,10,-8.55637975351085,-1.1674460081622247
roth_c_temp_a2,max,11,-1.0353670736306113,-0.2592195918315756
roth_c_temp_a2,max,12,-23.90524868919053,-0.3054546271921943
roth_c_temp_a2,max,13,-22.92488704618493,-0.8571322735560933
roth_c_temp_a2,max,14,-22.65412733357594,-1.0915180288442237
roth_c_temp_a2,max,15,0.6091768689674804,-1.1658455107488552
roth_c_temp_a2,max,16,-0.7151631959330635,-0.3230884553594957
roth_c_temp_a2,max,17,-25.375367367308932,-0.3891967838371748
roth_c_temp_a2,max,18,-24.354020919164682,-0.9747159449934948
roth_c_temp_a2,max,19,-24.02778293862205,-1.2301048577589633
roth_c_temp_a2,max,20,-24.019691819646365,-1.3153498585164627
roth_c_temp_a2,max,21,1.1188539907560413,-0.2582662969480718
roth_c_temp_a2,max,22,-31.36575174736188,-0.4942984077715913
roth_c_temp_a2,max,23,-28.936086717576774,-1.3623592118679575
roth_c_temp_a2,max,24,-27.701755487484185,-1.6830427520254325
roth_c_temp_a2,max,25,-27.055674540418796,-1.7399576143673272
roth_c_temp_a2,max,26,3.262373948004444,-0.43012348054837934
roth_c_temp_a2,max,27,-35.11681179098494,-0.6711293638953109
roth_c_temp_a2,max,28,-31.71654671084767,-1.6641593895862279
roth_c_temp_a2,max,29,-29.798393330343966,-2.0069149151862824
roth_c_temp_a2,max,30,-28.602836889717167,-2.039945082402671
roth_c_temp_a2,max,31,7.16717792439338,-0.4831983434868139
roth_c_temp_a2,max,32,-36.209833189115365,-0.6761558084118846
roth_c_temp_a2,max,33,-32.199460424905936,-1.7868606807647076
roth_c_temp_a2,max,34,-29.726397046175556,-2.167943458491635
roth_c_temp_a2,max,35,95.37255878523875,-2.199592614331806
roth_c_temp_a2,max,36,9.241516236558319,-0.9715232366640993
roth_c_temp_a2,max,37,-16.384159689786184,-0.4045510692767831
roth_c_temp_a2,max,38,-16.992014617539482,-0.6708285588792364
roth_c_temp_a2,max,39,-17.171513793872393,-0.9232831643712558
roth_c_temp_a2,max,40,-17.007293266800794,-1.1070115217508025
roth_c_temp_a2,max,41,18.384399886249675,0.25388670414039183
roth_c_temp_a2,max,42,-25.904619163937642,-0.14599668771001006
roth_c_temp_a2,max,43,-21.323474223598858,-1.3939761828397295
roth_c_temp_a2,max,44,-18.325044601317458,-1.8370994263709228
roth_c_temp_a2,max,45,-16.118021116625318,-1.885321695597085
roth_c_temp_a2,max,46,23.055529497186978,-0.20362082872007292
roth_c_temp_a2,max,47,-23.504582321214087,-0.42421295688677674
roth_c_temp_a2,max,48,-18.05701430006701,-1.5970301155334568
roth_c_temp_a2,max,49,-14.49257198312605,-1.9528512284630537
roth_c_temp_a2,max,50,-11.902395207459058,-1.9217734369806454
roth_c_temp_a2,max,total,-928.8463900460282,-54.857334065337795
thinning_fraction_branch_delta,min,1,-224.31750960611325,0.0
thinning_fraction_branch_delta,min,2,19.02754498263409,0.0
thinning_fraction_branch_delta,min,3,-32.85897032179614,0.0
thinning_fraction_branch_delta,min,4,-25.262530622054047,0.0
thinning_fraction_branch_delta,min,5,-21.533935491592764,0.0
thinning_fraction_branch_delta,min,6,-2.8700732667634234,0.0
thinning_fraction_branch_delta,min,7,-13.50905562346939,0.0
thinning_fraction_branch_delta,min,8,-23.565095925528478,0.16502704789751377
thinning_fraction_branch_delta,min,9,-17.957301474895374,-0.06338680968487864
thinning_fraction_branch_delta,min,10,-7.422796223272776,-0.03386247792415098
thinning_fraction_branch_delta,min,11,-0.7745797699317563,0.0015677118672794421
thinning_fraction_branch_delta,min,12,-23.627206866371484,-0.027412804373149413
thinning_fraction_branch_delta,min,13,-22.082778262849295,-0.015023490220457347
thinning_fraction_branch_delta,min,14,-21.57114792480402,-0.008538620072304326
thinning_fraction_branch_delta,min,15,1.7699446566386312,-0.005077723077704377
thinning_fraction_branch_delta,min,16,-0.3559438455370927,0.03613089503647515
thinning_fraction_branch_delta,min,17,-25.02225778095816,-0.036087197486402545
thinning_fraction_branch_delta,min,18,-23.399105974942593,-0.01980100077140534
thinning_fraction_branch_delta,min,19,-22.808966144456775,-0.011288063593688946
thinning_fraction_branch_delta,min,20,-22.711047137005657,-0.006705175875755032
thinning_fraction_branch_delta,min,21,1.3728576759301157,-0.004262611773997449
thinning_fraction_branch_delta,min,22,-30.87441141215432,-0.0029580725640308003
thinning_fraction_branch_delta,min,23,-27.5759792925834,-0.0022517868745843828
thinning_fraction_branch_delta,min,24,-26.020571246342115,-0.0018585108833626407
thinning_fraction_branch_delta,min,25,-25.317345851344054,-0.0016289252925858477
thinning_fraction_branch_delta,min,26,3.6910121952090127,-0.0014852333438106768
thinning_fraction_branch_delta,min,27,-34.44706941699281,-0.0013869899031817567
thinning_fraction_branch_delta,min,28,-30.053700502471884,-0.0013131812104418827
thinning_fraction_branch_delta,min,29,-27.792731297104226,-0.0012528819465416063
thinning_fraction_branch_delta,min,30,-26.56409220703484,-0.001200399720342915
thinning_fraction_branch_delta,min,31,7.649223513110922,-0.001152754769272235
thinning_fraction_branch_delta,min,32,-35.53478575530829,-0.0011083746048115017
thinning_fraction_branch_delta,min,33,-30.413666160625095,-0.0010664164838658508
thinning_fraction_branch_delta,min,34,-27.559480004452098,-0.00102641676817683
thinning_fraction_branch_delta,min,35,97.57116329033694,-0.0009881092336172514
thinning_fraction_branch_delta,min,36,10.396606958110803,0.18356748488838548
thinning_fraction_branch_delta,min,37,-16.139055074021094,-0.15944645351169306
thinning_fraction_branch_delta,min,38,-16.406758073503855,-0.08557201484360988
thinning_fraction_branch_delta,min,39,-16.2952602373104,-0.04702960780926446
thinning_fraction_branch_delta,min,40,-15.926614096275113,-0.026332351225121897
thinning_fraction_branch_delta,min,41,18.11514742327614,-0.015365758833141285
thinning_fraction_branch_delta,min,42,-25.768196655895974,-0.009574179668341287
thinning_fraction_branch_delta,min,43,-19.935999595539393,-0.006501554780264485
thinning_fraction_branch_delta,min,44,-16.49279449855856,-0.004849323612024392
thinning_fraction_branch_delta,min,45,-14.23663702917333,-0.003937608145097471
thinning_fraction_branch_delta,min,46,23.255738107228588,-0.003412218678462864
thinning_fraction_branch_delta,min,47,-23.083458454108246,-0.0030890897809356943
thinning_fraction_branch_delta,min,48,-16.46285684998604,-0.0028726654524859896
thinning_fraction_branch_delta,min,49,-12.542434097404387,-0.0027133427413907896
thinning_fraction_branch_delta,min,50,-9.983207122120719,-0.0025853516423062217
thinning_fraction_branch_delta,min,total,-874.2281683901774,-0.23911240948700652
thinning_fraction_branch_delta,max,1,-224.31750960611325,0.0
thinning_fraction_branch_delta,max,2,19.02754498263409,0.0
thinning_fraction_branch_delta,max,3,-32.85897032179614,0.0
thinning_fraction_branch_delta,max,4,-25.262530622054047,0.0
thinning_fraction_branch_delta,max,5,-21.533935491592764,0.0
thinning_fraction_branch_delta,max,6,-2.8700732667634234,0.0
thinning_fraction_branch_delta,max,7,-13.50905562346939,0.0
thinning_fraction_branch_delta,max,8,-23.895150020474325,-0.1650270470483335
thinning_fraction_branch_delta,max,9,-17.830527831620262,0.06338683359023278
thinning_fraction_branch_delta,max,10,-7.355071277799473,0.03386246754915234
thinning_fraction_branch_delta,max,11,-0.7777152009137782,-0.0015677191147425162
thinning_fraction_branch_delta,max,12,-23.572381261139814,0.027412800858520825
thinning_fraction_branch_delta,max,13,-22.052731284174477,0.015023488454360745
thinning_fraction_branch_delta,max,14,-21.554070685545536,0.008538619186179375
thinning_fraction_branch_delta,max,15,1.7801001023424332,0.005077722626097625
thinning_fraction_branch_delta,max,16,-0.42820563585390214,-0.03613089528033431
thinning_fraction_branch_delta,max,17,-24.950083386118333,0.03608719735342447
thinning_fraction_branch_delta,max,18,-23.359503973470073,0.0198010007011149
thinning_fraction_branch_delta,max,19,-22.78639001731233,0.011288063550757954
thinning_fraction_branch_delta,max,20,-22.697636785266287,0.006705175863615409
thinning_fraction_branch_delta,max,21,1.3813828994724315,0.004262611768318436
thinning_fraction_branch_delta,max,22,-30.86849526702918,0.0029580725611104697
thinning_fraction_branch_delta,max,23,-27.571475718839128,0.0022517868696887433
thinning_fraction_branch_delta,max,24,-26.016854224479882,0.0018585109788702425
thinning_fraction_branch_delta,max,25,-25.31408800077801,0.0016289252734580373
thinning_fraction_branch_delta,max,26,3.6939826618666207,0.0014852333137973517
thinning_fraction_branch_delta,max,27,-34.44429543720719,0.0013869898824410143
thinning_fraction_branch_delta,max,28,-30.051074140040523,0.0013131812209188354
thinning_fraction_branch_delta,max,29,-27.790225533100834,0.0012528820568498134
thinning_fraction_branch_delta,max,30,-26.561691407664814,0.0012003996496829927
thinning_fraction_branch_delta,max,31,7.651529022612674,0.0011527547324803322
thinning_fraction_branch_delta,max,32,-35.53256900611606,0.0011083745874174156
thinning_fraction_branch_delta,max,33,-30.411533327666536,0.001066416474692744
thinning_fraction_branch_delta,max,34,-27.557427170972016,0.001026416711905398
thinning_fraction_branch_delta,max,35,97.57313950880408,0.0009881092335177755
thinning_fraction_branch_delta,max,36,10.029471988426838,-0.18356748479557972
thinning_fraction_branch_delta,max,37,-15.820162085938804,0.15944653457059665
thinning_fraction_branch_delta,max,38,-16.23561409982431,0.08557195883593494
thinning_fraction_branch_delta,max,39,-16.20120104910993,0.047029580391207304
thinning_fraction_branch_delta,max,40,-15.873949392509232,0.026332352540759274
thinning_fraction_branch_delta,max,41,18.14587894140263,0.015365759293345604
thinning_fraction_branch_delta,max,42,-25.749048296301993,0.00957417992563947
thinning_fraction_branch_delta,max,43,-19.922996485839995,0.006501554919132957
thinning_fraction_branch_delta,max,44,-16.483095851239153,0.00484932370738278
thinning_fraction_branch_delta,max,45,-14.228761812840876,0.003937608187357
thinning_fraction_branch_delta,max,46,23.262562544598957,0.0034122186919063324
thinning_fraction_branch_delta,max,47,-23.077280274539397,0.003089089787913224
thinning_fraction_branch_delta,max,48,-16.45711151906851,0.0028726654650448324
thinning_fraction_branch_delta,max,49,-12.537007411924728,0.0027133427382679542
thinning_fraction_branch_delta,max,50,-9.978036418837515,0.0025853516408975707
thinning_fraction_branch_delta,max,total,-873.7499435711854,0.23911240950496904
thinning_fraction_croot_delta,min,1,-224.31750960611325,0.0
thinning_fraction_croot_delta,min,2,19.02754498263409,0.0
thinning_fraction_croot_delta,min,3,-32.85897032179614,0.0
thinning_fraction_croot_delta,min,4,-25.262530622054047,0.0
thinning_fraction_croot_delta,min,5,-21.533935491592764,0.0
thinning_fraction_croot_delta,min,6,-2.8700732667634234,0.0
thinning_fraction_croot_delta,min,7,-13.50905562346939,0.0
thinning_fraction_croot_delta,min,8,-23.65531423633709,0.07480873708890101
thinning_fraction_croot_delta,min,9,-17.92264866401389,-0.028733998803396332
thinning_fraction_croot_delta,min,10,-7.404284013582483,-0.015350268233857989
thinning_fraction_croot_delta,min,11,-0.702529027740951,0.07361845405808465
thinning_fraction_croot_delta,min,12,-23.6359105070711,-0.036116445072764236
thinning_fraction_croot_delta,min,13,-22.08722069458817,-0.0194659219593305
thinning_fraction_croot_delta,min,14,-21.573380885332266,-0.010771580600550834
thinning_fraction_croot_delta,min,15,1.7689078196652384,-0.006114560051097229
thinning_fraction_croot_delta,min,16,-0.2249883061738931,0.16708643439967474
thinning_fraction_croot_delta,min,17,-25.054091764751487,-0.06792118127972913
thinning_fraction_croot_delta,min,18,-23.41598531480937,-0.036680340638181264
thinning_fraction_croot_delta,min,19,-22.818051202073214,-0.020373121210127465
thinning_fraction_croot_delta,min,20,-22.71595544382427,-0.011613482694368571
thinning_fraction_croot_delta,min,21,1.3701549668143937,-0.006965320889719351
thinning_fraction_croot_delta,min,22,-30.87595628657734,-0.004502946987049228
thinning_fraction_croot_delta,min,23,-27.576916493606053,-0.003188987897235762
thinning_fraction_croot_delta,min,24,-26.021187911420004,-0.0024751759612513524
thinning_fraction_croot_delta,min,25,-25.3177914326039,-0.0020745065524323536
thinning_fraction_croot_delta,min,26,3.690659960576149,-0.0018374679766743895
thinning_fraction_croot_delta,min,27,-34.44736878268826,-0.0016863555986290635
thinning_fraction_croot_delta,min,28,-30.05396814263387,-0.0015808213724284315
thinning_fraction_croot_delta,min,29,-27.792978326868578,-0.0014999117108942528
thinning_fraction_croot_delta,min,30,-26.564324539040424,-0.0014327317259272832
thinning_fraction_croot_delta,min,31,7.649002666809491,-0.0013736010707035007
thinning_fraction_croot_delta,min,32,-35.53499692327883,-0.0013195425753522727
thinning_fraction_croot_delta,min,33,-30.41386872477336,-0.001268980632129768
thinning_fraction_croot_delta,min,34,-27.55967465450368,-0.001221066819759642
thinning_fraction_croot_delta,min,35,97.57097606870224,-0.0011753308683211117
thinning_fraction_croot_delta,min,36,11.1137343631303,0.9006948899078822
thinning_fraction_croot_delta,min,37,-16.327089236551586,-0.3474806160421853
thinning_fraction_croot_delta,min,38,-16.507283836639946,-0.1860977779797004
thinning_fraction_croot_delta,min,39,-16.350145343432036,-0.10191471393089913
thinning_fraction_croot_delta,min,40,-15.957004070314753,-0.05672232526476151
thinning_fraction_croot_delta,min,41,18.097722791356276,-0.03279039075300716
thinning_fraction_croot_delta,min,42,-25.77878728208361,-0.02016480585597691
thinning_fraction_croot_delta,min,43,-19.942977132056605,-0.013479091297476486
thinning_fraction_croot_delta,min,44,-16.49784109069517,-0.009895915748636241
thinning_fraction_croot_delta,min,45,-14.24062919663248,-0.007929775604246458
thinning_fraction_croot_delta,min,46,23.252343526832377,-0.006806799074674075
thinning_fraction_croot_delta,min,47,-23.086494200966058,-0.006124836638747411
thinning_fraction_croot_delta,min,48,-16.465659316162498,-0.0056751316289442855
thinning_fraction_croot_delta,min,49,-12.545070088785446,-0.005349334122449534
thinning_fraction_croot_delta,min,50,-9.985712938727831,-0.005091168249418132
thinning_fraction_croot_delta,min,total,-873.865113796609,0.12394218408144297
thinning_fraction_croot_delta,max,1,-224.31750960611325,0.0
thinning_fraction_croot_delta,max,2,19.02754498263409,0.0
thinning_fraction_croot_delta,max,3,-32.85897032179614,0.0
thinning_fraction_croot_delta,max,4,-25.262530622054047,0.0
thinning_fraction_croot_delta,max,5,-21.533935491592764,0.0
thinning_fraction_croot_delta,max,6,-2.8700732667634234,0.0
thinning_fraction_croot_delta,max,7,-13.50905562346939,0.0
thinning_fraction_croot_delta,max,8,-23.8049317080341,-0.07480873460810855
thinning_fraction_croot_delta,max,9,-17.865180659116774,0.02873400609372112
thinning_fraction_croot_delta,max,10,-7.373583477140066,0.015350268208559115
thinning_fraction_croot_delta,max,11,-0.849765940740487,-0.07361845894145125
thinning_fraction_croot_delta,max,12,-23.563677619321243,0.03611644267709124
thinning_fraction_croot_delta,max,13,-22.048288851874812,0.0194659207540262
thinning_fraction_croot_delta,max,14,-21.55183772483807,0.010771579893646077
thinning_fraction_croot_delta,max,15,1.7811369395296195,0.006114559813283904
thinning_fraction_croot_delta,max,16,-0.5591611751159622,-0.16708643454239436
thinning_fraction_croot_delta,max,17,-24.918249402288296,0.06792118118346124
thinning_fraction_croot_delta,max,18,-23.342624633574246,0.03668034059694136
thinning_fraction_croot_delta,max,19,-22.777304959613044,0.020373121250042203
thinning_fraction_croot_delta,max,20,-22.692728478468883,0.011613482661019248
thinning_fraction_croot_delta,max,21,1.3840856085756479,0.006965320871534786
thinning_fraction_croot_delta,max,22,-30.86695039261512,0.004502946975168953
thinning_fraction_croot_delta,max,23,-27.570538517822,0.003188987886815653
thinning_fraction_croot_delta,max,24,-26.016237559576965,0.0024751758817878056
thinning_fraction_croot_delta,max,25,-25.313642419463033,0.002074506588435554
thinning_fraction_croot_delta,max,26,3.6943348965484657,0.0018374679956423279
thinning_fraction_croot_delta,max,27,-34.443996071480534,0.001686355609095358
thinning_fraction_croot_delta,max,28,-30.050806499852484,0.0015808214089574335
thinning_fraction_croot_delta,max,29,-27.789978503465132,0.001499911692551592
thinning_fraction_croot_delta,max,30,-26.561459075601494,0.0014327317130025108
thinning_fraction_croot_delta,max,31,7.651749868948809,0.001373601068614505
thinning_fraction_croot_delta,max,32,-35.53235783812396,0.0013195425795231586
thinning_fraction_croot_delta,max,33,-30.411330763485445,0.0012689806557837358
thinning_fraction_croot_delta,max,34,-27.5572325208751,0.0012210668088208365
thinning_fraction_croot_delta,max,35,97.57332673043409,0.0011753308635320536
thinning_fraction_croot_delta,max,36,9.312344583656198,-0.9006948895662195
thinning_fraction_croot_delta,max,37,-15.632127998688452,0.3474806218209494
thinning_fraction_croot_delta,max,38,-16.13508826440686,0.18609779425338502
thinning_fraction_croot_delta,max,39,-16.146315966274884,0.10191466322625331
thinning_fraction_croot_delta,max,40,-15.843559407654581,0.056722337395409994
thinning_fraction_croot_delta,max,41,18.16330358019815,0.03279039808886708
thinning_fraction_croot_delta,max,42,-25.738457666239146,0.020164809988486354
thinning_fraction_croot_delta,max,43,-19.916018947224714,0.013479093534414233
thinning_fraction_croot_delta,max,44,-16.478049258012003,0.009895916934532067
thinning_fraction_croot_delta,max,45,-14.224769644803551,0.007929776224681717
thinning_fraction_croot_delta,max,46,23.265957125304887,0.006806799397836016
thinning_fraction_croot_delta,max,47,-23.074244527520626,0.006124836806684186
thinning_fraction_croot_delta,max,48,-16.454309052818115,0.005675131715438653
thinning_fraction_croot_delta,max,49,-12.534371420495782,0.005349334167213726
thinning_fraction_croot_delta,max,50,-9.975530602204767,0.005091168273645863
thinning_fraction_croot_delta,max,total,-874.1129981647898,-0.1239421840994055
thinning_fraction_froot_delta,min,1,-224.31750960611325,0.0
thinning_fraction_froot_delta,min,2,19.02754498263409,0.0
thinning_fraction_froot_delta,min,3,-32.85897032179614,0.0
thinning_fraction_froot_delta,min,4,-25.262530622054047,0.0
thinning_fraction_froot_delta,min,5,-21.533935491592764,0.0
thinning_fraction_froot_delta,min,6,-2.8700732667634234,0.0
thinning_fraction_froot_delta,min,7,-13.50905562346939,0.0
thinning_fraction_froot_delta,min,8,-23.68985340301758,0.04026957040841239
thinning_fraction_froot_delta,min,9,-17.90993138660353,-0.016016721393036448
thinning_fraction_froot_delta,min,10,-7.397490193694383,-0.008556448345757417
thinning_fraction_froot_delta,min,11,-0.7366786235983391,0.039468858200696566
thinning_fraction_froot_delta,min,12,-23.619925859634204,-0.020131797635869475
thinning_fraction_froot_delta,min,13,-22.078605342250107,-0.010850569621268846
thinning_fraction_froot_delta,min,14,-21.56861353019595,-0.006004225464234736
thinning_fraction_froot_delta,min,15,1.7716140407501069,-0.003408338966228719
thinning_fraction_froot_delta,min,16,-0.3022017664334298,0.08987297414013806
thinning_fraction_froot_delta,min,17,-25.024030773703082,-0.03786019023132425
thinning_fraction_froot_delta,min,18,-23.399751094928277,-0.020446120757089403
thinning_fraction_froot_delta,min,19,-22.809034335756238,-0.011356254893151174
thinning_fraction_froot_delta,min,20,-22.71081547432208,-0.006473513192176483
thinning_fraction_froot_delta,min,21,1.3732377231148534,-0.0038825645892597294
thinning_fraction_froot_delta,min,22,-30.87396334347866,-0.002510003888371415
thinning_fraction_froot_delta,min,23,-27.575505090934634,-0.0017775852258168356
thinning_fraction_froot_delta,min,24,-26.020092432154822,-0.0013796966960697432
thinning_fraction_froot_delta,min,25,-25.31687328423916,-0.0011563581876927742
thinning_fraction_froot_delta,min,26,3.691473198900774,-0.001024229652049513
thinning_fraction_froot_delta,min,27,-34.44662242464226,-0.0009399975526278581
thinning_fraction_froot_delta,min,28,-30.053268492588685,-0.000881171327243635
thinning_fraction_froot_delta,min,29,-27.7923144862821,-0.000836071124414417
thinning_fraction_froot_delta,min,30,-26.563690431502117,-0.0007986241876203337
thinning_fraction_froot_delta,min,31,7.649610603941614,-0.000765663938580019
thinning_fraction_froot_delta,min,32,-35.53441291169134,-0.0007355309878604999
thinning_fraction_froot_delta,min,33,-30.413307091209685,-0.0007073470684559879
thinning_fraction_froot_delta,min,34,-27.55913422701674,-0.0006806393328204763
thinning_fraction_froot_delta,min,35,97.57149625417885,-0.0006551453917040817
thinning_fraction_froot_delta,min,36,10.697862242931533,0.4848227697091154
thinning_fraction_froot_delta,min,37,-16.17329902289663,-0.19369040238722768
thinning_fraction_froot_delta,min,38,-16.42491950047905,-0.10373344181880384
thinning_fraction_froot_delta,min,39,-16.305039281675786,-0.0568086521746487
thinning_fraction_froot_delta,min,40,-15.931899542711275,-0.031617797661283475
thinning_fraction_froot_delta,min,41,18.1122353709177,-0.018277811191584448
thinning_fraction_froot_delta,min,42,-25.769862614070586,-0.011240137842953857
thinning_fraction_froot_delta,min,43,-19.93701147001361,-0.007513429254480286
thinning_fraction_froot_delta,min,44,-16.49346129320016,-0.0055161182536238584
thinning_fraction_froot_delta,min,45,-14.237119585920457,-0.004420164892223966
thinning_fraction_froot_delta,min,46,23.255356123459315,-0.0037942024477359837
thinning_fraction_froot_delta,min,47,-23.083783431606925,-0.0034140672796141303
thinning_fraction_froot_delta,min,48,-16.463147580107975,-0.003163395574421912
thinning_fraction_froot_delta,min,49,-12.542702546267654,-0.002981791604657502
thinning_fraction_froot_delta,min,50,-9.983459656910048,-0.0028378864316351837
thinning_fraction_froot_delta,min,total,-873.9434659166976,0.04559006399279042
thinning_fraction_froot_delta,max,1,-224.31750960611325,0.0
thinning_fraction_froot_delta,max,2,19.02754498263409,0.0
thinning_fraction_froot_delta,max,3,-32.85897032179614,0.0
thinning_fraction_froot_delta,max,4,-25.262530622054047,0.0
thinning_fraction_froot_delta,max,5,-21.533935491592764,0.0
thinning_fraction_froot_delta,max,6,-2.8700732667634234,0.0
thinning_fraction_froot_delta,max,7,-13.50905562346939,0.0
thinning_fraction_froot_delta,max,8,-23.770392543023732,-0.040269569597739974
thinning_fraction_froot_delta,max,9,-17.87789794494663,0.0160167202638668
thinning_fraction_froot_delta,max,10,-7.380377289555552,0.00855645579307307
thinning_fraction_froot_delta,max,11,-0.8156163435837476,-0.03946886178471187
thinning_fraction_froot_delta,max,12,-23.579662266111598,0.02013179588673708
thinning_fraction_froot_delta,max,13,-22.056904203886006,0.010850568742831967
thinning_fraction_froot_delta,max,14,-21.556605079652392,0.006004225079323078
thinning_fraction_froot_delta,max,15,1.7784307184186456,0.003408338702310054
thinning_fraction_froot_delta,max,16,-0.48194771484071364,-0.0898729742671458
thinning_fraction_froot_delta,max,17,-24.94831039331216,0.03786019015959852
thinning_fraction_froot_delta,max,18,-23.358858853461673,0.020446120709515014
thinning_fraction_froot_delta,max,19,-22.786321826048614,0.011356254814472777
thinning_fraction_froot_delta,max,20,-22.69786844791355,0.0064735132163527
thinning_fraction_froot_delta,max,21,1.381002852308431,0.0038825646043179063
thinning_fraction_froot_delta,max,22,-30.868943335693736,0.0025100038965533145
thinning_fraction_froot_delta,max,23,-27.571949920482787,0.0017775852260299985
thinning_fraction_froot_delta,max,24,-26.01733303875268,0.0013796967060706322
thinning_fraction_froot_delta,max,25,-25.314560567863882,0.0011563581875861928
thinning_fraction_froot_delta,max,26,3.69352165820477,0.0010242296519464844
thinning_fraction_froot_delta,max,27,-34.44474242953711,0.0009399975525212767
thinning_fraction_froot_delta,max,28,-30.05150614990241,0.000881171359033317
thinning_fraction_froot_delta,max,29,-27.79064234404692,0.000836071110764891
thinning_fraction_froot_delta,max,30,-26.562093183140323,0.0007986241741733124
thinning_fraction_froot_delta,max,31,7.651141931813772,0.0007656639335777982
thinning_fraction_froot_delta,max,32,-35.53294184971577,0.0007355309877112859
thinning_fraction_froot_delta,max,33,-30.411892397062406,0.0007073470788228065
thinning_fraction_froot_delta,max,34,-27.557772948408623,0.0006806392752984891
thinning_fraction_froot_delta,max,35,97.57280654496257,0.0006551453920167205
thinning_fraction_froot_delta,max,36,9.728216703638255,-0.4848227695841629
thinning_fraction_froot_delta,max,37,-15.785918124951172,0.19369049555822926
thinning_fraction_froot_delta,max,38,-16.217452684202545,0.10373337445770048
thinning_fraction_froot_delta,max,39,-16.191422009020716,0.05680862048042101
thinning_fraction_froot_delta,max,40,-15.868663944944238,0.03161780010575299
thinning_fraction_froot_delta,max,41,18.148790994777098,0.01827781266781514
thinning_fraction_froot_delta,max,42,-25.74738233751299,0.01124013871464058
thinning_fraction_froot_delta,max,43,-19.92198461103527,0.007513429723857712
thinning_fraction_froot_delta,max,44,-16.482429056415963,0.0055161185305721006
thinning_fraction_froot_delta,max,45,-14.228279255994227,0.004420165034005663
thinning_fraction_froot_delta,max,46,23.262944528422263,0.0037942025152126746
thinning_fraction_froot_delta,max,47,-23.07695529701263,0.0034140673146794143
thinning_fraction_froot_delta,max,48,-16.456820788941414,0.0031633955921392953
thinning_fraction_froot_delta,max,49,-12.536738963049478,0.00298179161351797
thinning_fraction_froot_delta,max,50,-9.977783884041672,0.0028378864367404333
thinning_fraction_froot_delta,max,total,-874.0346460446744,-0.04559006398403653
thinning_fraction_leaf_delta,min,1,-224.31750960611325,0.0
thinning_fraction_leaf_delta,min,2,19.02754498263409,0.0
thinning_fraction_leaf_delta,min,3,-32.85897032179614,0.0
thinning_fraction_leaf_delta,min,4,-25.262530622054047,0.0
thinning_fraction_leaf_delta,min,5,-21.533935491592764,0.0
thinning_fraction_leaf_delta,min,6,-2.8700732667634234,0.0
thinning_fraction_leaf_delta,min,7,-13.50905562346939,0.0
thinning_fraction_leaf_delta,min,8,-23.672324055012727,0.057798918413265454
thinning_fraction_leaf_delta,min,9,-17.916795696021683,-0.022881030811188197
thinning_fraction_leaf_delta,min,10,-7.401157243014472,-0.01222349766584685
thinning_fraction_leaf_delta,min,11,-0.7757287306831255,0.00041875111591016534
thinning_fraction_leaf_delta,min,12,-23.609996700966473,-0.010202638968138444
thinning_fraction_leaf_delta,min,13,-22.07334204343899,-0.0055872708101532
thinning_fraction_leaf_delta,min,14,-21.565781050697304,-0.003171745965588002
thinning_fraction_leaf_delta,min,15,1.7731399901738483,-0.0018823895424873172
thinning_fraction_leaf_delta,min,16,-0.37852088942893003,0.013553851144637807
thinning_fraction_leaf_delta,min,17,-25.000581208948454,-0.014410625476696026
thinning_fraction_leaf_delta,min,18,-23.387194084313602,-0.00788911014241478
thinning_fraction_leaf_delta,min,19,-22.802159025795685,-0.004480944932598874
thinning_fraction_leaf_delta,min,20,-22.706988687785486,-0.002646726655584075
thinning_fraction_leaf_delta,min,21,1.375450535346412,-0.0016697523577011708
thinning_fraction_leaf_delta,min,22,-30.872601919276423,-0.0011485796861343545
thinning_fraction_leaf_delta,min,23,-27.574594507773757,-0.0008670020649397259
thinning_fraction_leaf_delta,min,24,-26.019423496110672,-0.0007107606519198839
thinning_fraction_leaf_delta,min,25,-25.316336969375882,-0.0006200433244138992
thinning_fraction_leaf_delta,min,26,3.6919337412615154,-0.0005636872913079571
thinning_fraction_leaf_delta,min,27,-34.44620791978272,-0.0005254926930930992
thinning_fraction_leaf_delta,min,28,-30.0528843645669,-0.0004970433054580781
thinning_fraction_leaf_delta,min,29,-27.791952379399067,-0.0004739642413831291
thinning_fraction_leaf_delta,min,30,-26.563345783889726,-0.0004539765752298308
thinning_fraction_leaf_delta,min,31,7.649940379608108,-0.00043588827208651537
thinning_fraction_leaf_delta,min,32,-35.534096451488765,-0.0004190707852842479
thinning_fraction_leaf_delta,min,33,-30.41300293203637,-0.00040318789514159903
thinning_fraction_leaf_delta,min,34,-27.558841642880367,-0.0003880551964456913
thinning_fraction_leaf_delta,min,35,97.57177783224594,-0.0003735673246154647
thinning_fraction_leaf_delta,min,36,10.290600140898968,0.07756066767655057
thinning_fraction_leaf_delta,min,37,-16.051671549726205,-0.0720629292168038
thinning_fraction_leaf_delta,min,38,-16.359831835930343,-0.03864577727009788
thinning_fraction_leaf_delta,min,39,-16.269442943124474,-0.02121231362333731
thinning_fraction_leaf_delta,min,40,-15.912133293999347,-0.011851548949355362
thinning_fraction_leaf_delta,min,41,18.12362048441941,-0.0068926976898744385
thinning_fraction_leaf_delta,min,42,-25.762897329365995,-0.004274853138362289
thinning_fraction_leaf_delta,min,43,-19.932384979206063,-0.0028869384469345505
thinning_fraction_leaf_delta,min,44,-16.49008668409679,-0.0021415091502561268
thinning_fraction_leaf_delta,min,45,-14.234430423442301,-0.0017310024140684277
thinning_fraction_leaf_delta,min,46,23.2576551345476,-0.0014951913594494215
thinning_fraction_leaf_delta,min,47,-23.081720174767618,-0.0013508104403072707
thinning_fraction_leaf_delta,min,48,-16.461238818781823,-0.0012546342482693262
thinning_fraction_leaf_delta,min,49,-12.540904980348776,-0.001184225685779694
thinning_fraction_leaf_delta,min,50,-9.981749699683677,-0.0011279292052641665
thinning_fraction_leaf_delta,min,total,-874.102762205814,-0.11370622512356476
thinning_fraction_leaf_delta,max,1,-224.31750960611325,0.0
thinning_fraction_leaf_delta,max,2,19.02754498263409,0.0
thinning_fraction_leaf_delta,max,3,-32.85897032179614,0.0
thinning_fraction_leaf_delta,max,4,-25.262530622054047,0.0
thinning_fraction_leaf_delta,max,5,-21.533935491592764,0.0
thinning_fraction_leaf_delta,max,6,-2.8700732667634234,0.0
thinning_fraction_leaf_delta,max,7,-13.50905562346939,0.0
thinning_fraction_leaf_delta,max,8,-23.78792189022104,-0.057798916795047006
thinning_fraction_leaf_delta,max,9,-17.871033630945064,0.02288103426543131
thinning_fraction_leaf_delta,max,10,-7.3767102443439025,0.012223501004722692
thinning_fraction_leaf_delta,max,11,-0.7765662371427626,-0.0004187553437269287
thinning_fraction_leaf_delta,max,12,-23.589591425092934,0.010202636905400908
thinning_fraction_leaf_delta,max,13,-22.06216750285006,0.005587269778779103
thinning_fraction_leaf_delta,max,14,-21.559437559334974,0.0031717453967416986
thinning_fraction_leaf_delta,max,15,1.7769047690140534,0.0018823892977177792
thinning_fraction_leaf_delta,max,16,-0.4056285918508453,-0.013553851277277484
thinning_fraction_leaf_delta,max,17,-24.971759958064755,0.014410625407002442
thinning_fraction_leaf_delta,max,18,-23.3714158640839,0.007889110087287321
thinning_fraction_leaf_delta,max,19,-22.79319713599098,0.004480944872106818
thinning_fraction_leaf_delta,max,20,-22.70169523445681,0.002646726673091848
thinning_fraction_leaf_delta,max,21,1.3787900400726003,0.0016697523684872095
thinning_fraction_leaf_delta,max,22,-30.870304759898058,0.0011485796922308111
thinning_fraction_leaf_delta,max,23,-27.572860503653565,0.0008670020552514757
thinning_fraction_leaf_delta,max,24,-26.018001974709083,0.0007107607496692481
thinning_fraction_leaf_delta,max,25,-25.31509688276447,0.0006200432870002714
thinning_fraction_leaf_delta,max,26,3.6930611158243853,0.0005636872715619745
thinning_fraction_leaf_delta,max,27,-34.445156934407585,0.0005254926820441597
thinning_fraction_leaf_delta,max,28,-30.05189027792988,0.0004970433315634182
thinning_fraction_leaf_delta,max,29,-27.79100445093714,0.00047396422054291065
thinning_fraction_leaf_delta,max,30,-26.56243783075245,0.00045397656204571035
thinning_fraction_leaf_delta,max,31,7.650812156147641,0.0004358882674466713
thinning_fraction_leaf_delta,max,32,-35.53325830991809,0.0004190707853908293
thinning_fraction_leaf_delta,max,33,-30.412196556246247,0.0004031878949817269
thinning_fraction_leaf_delta,max,34,-27.558065532490076,0.0003880551938451049
thinning_fraction_leaf_delta,max,35,97.57252496686553,0.0003735672949716218
thinning_fraction_leaf_delta,max,36,10.135478805586564,-0.07756066763585423
thinning_fraction_leaf_delta,max,37,-15.907545636619835,0.07206298388956611
thinning_fraction_leaf_delta,max,38,-16.282540313562865,0.03864574509738006
thinning_fraction_leaf_delta,max,39,-16.22701834479022,0.021212284710916407
thinning_fraction_leaf_delta,max,40,-15.888430194214848,0.011851550835142888
thinning_fraction_leaf_delta,max,41,18.137405881520703,0.006892699411420011
thinning_fraction_leaf_delta,max,42,-25.754347621894002,0.004274854333630174
thinning_fraction_leaf_delta,max,43,-19.9266111016075,0.0028869391516295195
thinning_fraction_leaf_delta,max,44,-16.48580366539495,0.0021415095515848748
thinning_fraction_leaf_delta,max,45,-14.230968418399481,0.0017310026287518099
thinning_fraction_leaf_delta,max,46,23.260645517375973,0.0014951914689227408
thinning_fraction_leaf_delta,max,47,-23.079018553828384,0.0013508104989270464
thinning_fraction_leaf_delta,max,48,-16.458729550254645,0.001254634278907929
thinning_fraction_leaf_delta,max,49,-12.538536528960124,0.0011842257028717995
thinning_fraction_leaf_delta,max,50,-9.979493841263563,0.001127929214849388
thinning_fraction_leaf_delta,max,total,-873.8753497556226,0.11370622506785821
thinning_fraction_stem_delta,min,1,-224.31750960611325,0.0
thinning_fraction_stem_delta,min,2,19.02754498263409,0.0
thinning_fraction_stem_delta,min,3,-32.85897032179614,0.0
thinning_fraction_stem_delta,min,4,-25.262530622054047,0.0
thinning_fraction_stem_delta,min,5,-21.533935491592764,0.0
thinning_fraction_stem_delta,min,6,-2.8700732667634234,0.0
thinning_fraction_stem_delta,min,7,-13.50905562346939,0.0
thinning_fraction_stem_delta,min,8,-23.299444203147406,0.43067877027858614
thinning_fraction_stem_delta,min,9,-18.059338225390604,-0.16542356018010906
thinning_fraction_stem_delta,min,10,-7.477306185298943,-0.08837243995031763
thinning_fraction_stem_delta,min,11,-0.7684792500709339,0.007668231728101826
thinning_fraction_stem_delta,min,12,-23.67440764663984,-0.07461358464150436
thinning_fraction_stem_delta,min,13,-22.10860399025764,-0.04084921762880356
thinning_fraction_stem_delta,min,14,-21.585788144221397,-0.023178839489681025
thinning_fraction_stem_delta,min,15,1.7612762074740838,-0.01374617224225183
thinning_fraction_stem_delta,min,16,-0.2821542349275301,0.10992050564603773
thinning_fraction_stem_delta,min,17,-25.094189640753243,-0.10801905728148498
thinning_fraction_stem_delta,min,18,-23.438395074722713,-0.05909010055152564
thinning_fraction_stem_delta,min,19,-22.831199466318658,-0.03352138545557182
thinning_fraction_stem_delta,min,20,-22.724104051966254,-0.01976209083635183
thinning_fraction_stem_delta,min,21,1.3646853758107924,-0.012434911893320688
thinning_fraction_stem_delta,min,22,-30.879981063936885,-0.008527724346595988
thinning_fraction_stem_delta,min,23,-27.58014573942335,-0.006418233714533983
thinning_fraction_stem_delta,min,24,-26.023961832041604,-0.005249096582851109
thinning_fraction_stem_delta,min,25,-25.320288433568496,-0.00457150751702784
thinning_fraction_stem_delta,min,26,3.6883457891742,-0.004151639378623173
thinning_fraction_stem_delta,min,27,-34.449550364021015,-0.0038679369313854295
thinning_fraction_stem_delta,min,28,-30.056044573227975,-0.003657251966533437
thinning_fraction_stem_delta,min,29,-27.794965175357678,-0.0034867601999941655
thinning_fraction_stem_delta,min,30,-26.566231173363338,-0.003339366048841441
thinning_fraction_stem_delta,min,31,7.64717013991898,-0.0032061279612136673
thinning_fraction_stem_delta,min,32,-35.53675971395661,-0.003082333253132674
thinning_fraction_stem_delta,min,33,-30.41556520661059,-0.0029654624693620235
thinning_fraction_stem_delta,min,34,-27.561307722921697,-0.002854135237775779
thinning_fraction_stem_delta,min,35,97.56940383570846,-0.0027475638621012877
thinning_fraction_stem_delta,min,36,10.860608337991716,0.6475688647692976
thinning_fraction_stem_delta,min,37,-16.540791164035806,-0.5611825435264048
thinning_fraction_stem_delta,min,38,-16.62207226996776,-0.3008862113075139
thinning_fraction_stem_delta,min,39,-16.413324069574927,-0.16509344007378957
thinning_fraction_stem_delta,min,40,-15.992464863209818,-0.09218311815982716
thinning_fraction_stem_delta,min,41,18.076951984459004,-0.05356119765027856
thinning_fraction_stem_delta,min,42,-25.791796815160186,-0.03317433893255384
thinning_fraction_stem_delta,min,43,-19.951865863252088,-0.022367822492959988
thinning_fraction_stem_delta,min,44,-16.50451093898622,-0.016565764039683017
thinning_fraction_stem_delta,min,45,-14.24607183498335,-0.013372413955117679
thinning_fraction_stem_delta,min,46,23.247610632095583,-0.0115396938114678
thinning_fraction_stem_delta,min,47,-23.090788378375365,-0.01041901404805401
thinning_fraction_stem_delta,min,48,-16.46965786125821,-0.009673676724656133
thinning_fraction_stem_delta,min,49,-12.548849668621424,-0.009128913958427631
thinning_fraction_stem_delta,min,50,-9.989315710802241,-0.008693940323828642
thinning_fraction_stem_delta,min,total,-874.7981981968938,-0.8091422162034405
thinning_fraction_stem_delta,max,1,-224.31750960611325,0.0
thinning_fraction_stem_delta,max,2,19.02754498263409,0.0
thinning_fraction_stem_delta,max,3,-32.85897032179614,0.0
thinning_fraction_stem_delta,max,4,-25.262530622054047,0.0
thinning_fraction_stem_delta,max,5,-21.533935491592764,0.0
thinning_fraction_stem_delta,max,6,-2.8700732667634234,0.0
thinning_fraction_stem_delta,max,7,-13.50905562346939,0.0
thinning_fraction_stem_delta,max,8,-24.16080191493438,-0.43067894150838626
thinning_fraction_stem_delta,max,9,-17.72849095902702,0.1654237061834749
thinning_fraction_stem_delta,max,10,-7.300561327656238,0.08837241769238702
thinning_fraction_stem_delta,max,11,-0.7838156926942181,-0.007668210895182437
thinning_fraction_stem_delta,max,12,-23.525180465011374,0.07461359698696057
thinning_fraction_stem_delta,max,13,-22.0269055482529,0.04084922437593974
thinning_fraction_stem_delta,max,14,-21.539430461626992,0.023178843104723512
thinning_fraction_stem_delta,max,15,1.7887685538523979,0.013746174136062272
thinning_fraction_stem_delta,max,16,-0.5019952452178318,-0.10992050464426395
thinning_fraction_stem_delta,max,17,-24.878151525719154,0.10801905775260323
thinning_fraction_stem_delta,max,18,-23.320214873342692,0.059090100828495196
thinning_fraction_stem_delta,max,19,-22.764156695147918,0.033521385715168606
thinning_fraction_stem_delta,max,20,-22.68457987027672,0.019762090853181036
thinning_fraction_stem_delta,max,21,1.3895551996062658,0.012434911902152734
thinning_fraction_stem_delta,max,22,-30.86292561523976,0.008527724350528842
thinning_fraction_stem_delta,max,23,-27.567309271991412,0.006418233717404576
thinning_fraction_stem_delta,max,24,-26.013463638690823,0.0052490967679297285
thinning_fraction_stem_delta,max,25,-25.311145418595302,0.004571507456166302
thinning_fraction_stem_delta,max,26,3.6966490678794988,0.004151639326675394
thinning_fraction_stem_delta,max,27,-34.44181449019103,0.0038679368986009877
thinning_fraction_stem_delta,max,28,-30.04873006928089,0.003657251980552445
thinning_fraction_stem_delta,max,29,-27.787991654917565,0.003486760240118514
thinning_fraction_stem_delta,max,30,-26.559552441306717,0.0033393660077791765
thinning_fraction_stem_delta,max,31,7.653582395818841,0.00320612793864683
thinning_fraction_stem_delta,max,32,-35.53059504746285,0.003082333240627122
thinning_fraction_stem_delta,max,33,-30.409634281678276,0.002965462462952928
thinning_fraction_stem_delta,max,34,-27.555599452548478,0.002854135135443414
thinning_fraction_stem_delta,max,35,97.57489896345022,0.002747563879665904
thinning_fraction_stem_delta,max,36,9.565470610283361,-0.6475688629390568
thinning_fraction_stem_delta,max,37,-15.418426007633144,0.5611826128762569
thinning_fraction_stem_delta,max,38,-16.020299906235174,0.3008861524250719
thinning_fraction_stem_delta,max,39,-16.083137273340906,0.1650933561602308
thinning_fraction_stem_delta,max,40,-15.808098597369035,0.09218314768095581
thinning_fraction_stem_delta,max,41,18.184074398704222,0.05356121659493951
thinning_fraction_stem_delta,max,42,-25.725448126483666,0.03317434974396605
thinning_fraction_stem_delta,max,43,-19.90713021238944,0.022367828369688425
thinning_fraction_stem_delta,max,44,-16.47137940777494,0.016565767171595525
thinning_fraction_stem_delta,max,45,-14.219327005435197,0.013372415593035925
thinning_fraction_stem_delta,max,46,23.270690020566185,0.011539694659134625
thinning_fraction_stem_delta,max,47,-23.069950349838642,0.010419014488668665
thinning_fraction_stem_delta,max,48,-16.450310507580358,0.009673676953195098
thinning_fraction_stem_delta,max,49,-12.530591840585709,0.00912891407728722
thinning_fraction_stem_delta,max,50,-9.971927830092266,0.008693940386146792
thinning_fraction_stem_delta,max,total,-873.1799137645628,0.8091422161276114
tree_carbon_sp1,min,1,-201.80052538914634,22.516984216966904
tree_carbon_sp1,min,2,16.92694386902489,-2.1006011136092013
tree_carbon_sp1,min,3,-29.642114586711465,3.2168557350846783
tree_carbon_sp1,min,4,-22.77324407768331,2.4892865443707386
tree_carbon_sp1,min,5,-19.398884124282578,2.1350513673101865
tree_carbon_sp1,min,6,-2.1134658853999606,0.7566073813634628
tree_carbon_sp1,min,7,-12.142744606417937,1.3663110170514532
tree_carbon_sp1,min,8,-21.328223303030136,2.4018996703958564
tree_carbon_sp1,min,9,-16.07250373872455,1.821410926485946
tree_carbon_sp1,min,10,-6.612912659626588,0.7760210857220375
tree_carbon_sp1,min,11,-0.2171831473645538,0.5589643344344819
tree_carbon_sp1,min,12,-21.228281961207085,2.37151210079125
tree_carbon_sp1,min,13,-19.828963776098615,2.2387909965302235
tree_carbon_sp1,min,14,-19.362662926104562,2.1999463786271534
tree_carbon_sp1,min,15,1.6489175027708214,-0.1261048769455142
tree_carbon_sp1,min,16,0.22620103444457396,0.6182757750181418
tree_carbon_sp1,min,17,-22.486001238749477,2.5001693447222806
tree_carbon_sp1,min,18,-21.0093045518844,2.370000422286786
tree_carbon_sp1,min,19,-20.46935993195851,2.3283181489045752
tree_carbon_sp1,min,20,-20.37472282181287,2.329619139317032
tree_carbon_sp1,min,21,1.7820998799571837,0.40497959225307056
tree_carbon_sp1,min,22,-27.73969303980185,3.1317602997884393
tree_carbon_sp1,min,23,-24.750908003147003,2.8228195025618135
tree_carbon_sp1,min,24,-23.338996113884214,2.6797166215745385
tree_carbon_sp1,min,25,-22.697615444225566,2.618101481825903
tree_carbon_sp1,min,26,3.951199361349509,0.2587019327966855
tree_carbon_sp1,min,27,-30.953285021852782,3.492397405236847
tree_carbon_sp1,min,28,-26.96914298710538,3.0832443341560634
tree_carbon_sp1,min,29,-24.91754716401952,2.8739312511381634
tree_carbon_sp1,min,30,-23.800766134880472,2.762125672434024
tree_carbon_sp1,min,31,7.601632499759452,-0.048743768120742104
tree_carbon_sp1,min,32,-31.822995842277905,3.7106815384255754
tree_carbon_sp1,min,33,-27.22259614982192,3.1900035943193075
tree_carbon_sp1,min,34,-24.65486311651705,2.903590471166872
tree_carbon_sp1,min,35,87.96425812799588,-9.607893271574682
tree_carbon_sp1,min,36,10.411339156736291,0.1982996835138735
tree_carbon_sp1,min,37,-14.302900408831809,1.6767082116775924
tree_carbon_sp1,min,38,-14.592050648522193,1.7291354101380527
tree_carbon_sp1,min,39,-14.515843878652973,1.732386750848164
tree_carbon_sp1,min,40,-14.19610097605364,1.704180768996352
tree_carbon_sp1,min,41,17.000662878335667,-1.1298503037736154
tree_carbon_sp1,min,42,-23.09600917649481,2.662613299732822
tree_carbon_sp1,min,43,-17.83116291529368,2.0983351254654465
tree_carbon_sp1,min,44,-14.723370596709731,1.7645745782368039
tree_carbon_sp1,min,45,-12.687510367554985,1.5451890534732478
tree_carbon_sp1,min,46,21.65688519320786,-1.6022651326991912
tree_carbon_sp1,min,47,-20.679208402432415,2.4011609618948953
tree_carbon_sp1,min,48,-14.703054287711497,1.7569298968220561
tree_carbon_sp1,min,49,-11.165308762326527,1.3744119923364693
tree_carbon_sp1,min,50,-8.856913047746957,1.1237087227314557
tree_carbon_sp1,min,total,-777.9088017084857,96.08025427220468
tree_carbon_sp1,max,1,-246.82926838262694,-22.511758776513688
tree_carbon_sp1,max,2,21.12747673116145,2.0999317485273608
tree_carbon_sp1,max,3,-36.075314246066256,-3.216343924270113
tree_carbon_sp1,max,4,-27.751505944151262,-2.4889753220972146
tree_carbon_sp1,max,5,-23.668788348162234,-2.13485285656947
tree_carbon_sp1,max,6,-3.6268309951552586,-0.7567577283918352
tree_carbon_sp1,max,7,-14.875367841758102,-1.3663122182887122
tree_carbon_sp1,max,8,-26.131864053152118,-2.4017410797261256
tree_carbon_sp1,max,9,-19.71530030913383,-1.8213856439233354
tree_carbon_sp1,max,10,-8.165117220544655,-0.7761834751960297
tree_carbon_sp1,max,11,-1.3353728939860008,-0.5592254121869651
tree_carbon_sp1,max,12,-25.971271440648906,-2.371477378650571
tree_carbon_sp1,max,13,-24.306559853681666,-2.2388050810528277
tree_carbon_sp1,max,14,-23.762606043459154,-2.199996738727439
tree_carbon_sp1,max,15,1.9007904808129998,0.12576810109666425
tree_carbon_sp1,max,16,-1.0106582046288741,-0.6185834640553063
tree_carbon_sp1,max,17,-27.4864229396759,-2.500252356204143
tree_carbon_sp1,max,18,-25.74942973261015,-2.370124758438962
tree_carbon_sp1,max,19,-25.126151619523085,-2.328473538659999
tree_carbon_sp1,max,20,-25.034144976540166,-2.3298030154102634
tree_carbon_sp1,max,21,0.9717723433594085,-0.40534794434470456
tree_carbon_sp1,max,22,-34.003393744532815,-3.131940404942526
tree_carbon_sp1,max,23,-30.396773083409133,-2.8230455777003165
tree_carbon_sp1,max,24,-28.6986894416867,-2.679976706227947
tree_carbon_sp1,max,25,-27.934104525242486,-2.618387599191017
tree_carbon_sp1,max,26,3.433395709649147,-0.2591017189036764
tree_carbon_sp1,max,27,-37.938377712972446,-3.4926952858828173
tree_carbon_sp1,max,28,-33.1359597971298,-3.0835724758683583
tree_carbon_sp1,max,29,-30.66575953903376,-2.8742811238760773
tree_carbon_sp1,max,30,-29.3253823598836,-2.762490552569105
tree_carbon_sp1,max,31,7.6987366662724135,0.048360398392219395
tree_carbon_sp1,max,32,-39.24474021237487,-3.7110628316713914
tree_carbon_sp1,max,33,-33.602989866808315,-3.190390122667086
tree_carbon_sp1,max,34,-30.46243179354144,-2.90397820585752
tree_carbon_sp1,max,35,107.17990297946781,9.607751579897254
tree_carbon_sp1,max,36,10.014483680645283,-0.1985557925771353
tree_carbon_sp1,max,37,-17.656621770358782,-1.6770131498493814
tree_carbon_sp1,max,38,-18.050616629088555,-1.7294305704283097
tree_carbon_sp1,max,39,-17.98089906716559,-1.7326684376644543
tree_carbon_sp1,max,40,-17.604730441836228,-1.704448696786237
tree_carbon_sp1,max,41,19.26023443114286,1.129721249033576
tree_carbon_sp1,max,42,-28.421510401081143,-2.6628879248535107
tree_carbon_sp1,max,43,-22.0280692412954,-2.09857120053627
tree_carbon_sp1,max,44,-18.252724868786192,-1.7647796938396567
tree_carbon_sp1,max,45,-15.778066140134456,-1.545366719106223
tree_carbon_sp1,max,46,24.86142389400134,1.6022735680942901
tree_carbon_sp1,max,47,-25.481709349861507,-2.4013399855341966
tree_carbon_sp1,max,48,-18.217044632486104,-1.7570604479525507
tree_carbon_sp1,max,49,-13.914225583302589,-1.3745048286395924
tree_carbon_sp1,max,50,-11.104395083909342,-1.1237733134309291
tree_carbon_sp1,max,total,-970.0729734149131,-96.08391743422271
tree_nitrogen_branch_sp1,min,1,-224.31750960611325,0.0
tree_nitrogen_branch_sp1,min,2,19.02754498263409,0.0
tree_nitrogen_branch_sp1,min,3,-32.86011411419045,-0.0011437923943091732
tree_nitrogen_branch_sp1,min,4,-25.263695655263888,-0.0011650332098405158
tree_nitrogen_branch_sp1,min,5,-21.535124554280678,-0.0011890626879136335
tree_nitrogen_branch_sp1,min,6,-2.8703893864593653,-0.0003161196959418078
tree_nitrogen_branch_sp1,min,7,-13.510300967661,-0.0012453441916093766
tree_nitrogen_branch_sp1,min,8,-23.731782454620657,-0.001659481194664636
tree_nitrogen_branch_sp1,min,9,-17.89517451495968,-0.001259849749185804
tree_nitrogen_branch_sp1,min,10,-7.390229517288894,-0.0012957719402688639
tree_nitrogen_branch_sp1,min,11,-0.7765980698794874,-0.0004505880804517304
tree_nitrogen_branch_sp1,min,12,-23.601113983007558,-0.0013199210092231795
tree_nitrogen_branch_sp1,min,13,-22.069116086852322,-0.001361314223483845
tree_nitrogen_branch_sp1,min,14,-21.564014202184396,-0.0014048974526801317
tree_nitrogen_branch_sp1,min,15,1.7735717782088845,-0.0014506015074511325
tree_nitrogen_branch_sp1,min,16,-0.3926681421637843,-0.0005934015902164802
tree_nitrogen_branch_sp1,min,17,-24.987610267281944,-0.001439683810186665
tree_nitrogen_branch_sp1,min,18,-23.38079260097465,-0.001487626803463371
tree_nitrogen_branch_sp1,min,19,-22.79921526775517,-0.0015371868920830423
tree_nitrogen_branch_sp1,min,20,-22.705930206996005,-0.0015882458661025112
tree_nitrogen_branch_sp1,min,21,1.376693712979645,-0.000426574724468054
tree_nitrogen_branch_sp1,min,22,-30.873147659039734,-0.001694319449445203
tree_nitrogen_branch_sp1,min,23,-27.575476533247834,-0.0017490275390166232
tree_nitrogen_branch_sp1,min,24,-26.02051735603135,-0.0018046205725958941
tree_nitrogen_branch_sp1,min,25,-25.317577833647796,-0.0018609075963276211
tree_nitrogen_branch_sp1,min,26,3.6919988311013463,-0.0004985974514770675
tree_nitrogen_branch_sp1,min,27,-34.44765715149538,-0.001974724405748418
tree_nitrogen_branch_sp1,min,28,-30.05441911952995,-0.002031798268507856
tree_nitrogen_branch_sp1,min,29,-27.79356707106705,-0.0020886559093646895
tree_nitrogen_branch_sp1,min,30,-26.565036844613733,-0.0021450372992362077
tree_nitrogen_branch_sp1,min,31,7.649804093102633,-0.0005721747775613295
tree_nitrogen_branch_sp1,min,32,-35.53593266297651,-0.0022552822730332878
tree_nitrogen_branch_sp1,min,33,-30.41490832734266,-0.0023085832014295704
tree_nitrogen_branch_sp1,min,34,-27.560813875237134,-0.0023602875532127143
tree_nitrogen_branch_sp1,min,35,97.56974129196722,-0.002410107603338929
tree_nitrogen_branch_sp1,min,36,10.211445179425665,-0.0015942937967530213
tree_nitrogen_branch_sp1,min,37,-15.981610989865858,-0.0020023693564574785
tree_nitrogen_branch_sp1,min,38,-16.323222417231126,-0.002036358570880026
tree_nitrogen_branch_sp1,min,39,-16.250298599350643,-0.0020679698495058574
tree_nitrogen_branch_sp1,min,40,-15.902378756907062,-0.002097011857070896
tree_nitrogen_branch_sp1,min,41,18.129961121726474,-0.000552060382808861
tree_nitrogen_branch_sp1,min,42,-25.760769180929984,-0.002146704702351343
tree_nitrogen_branch_sp1,min,43,-19.931665102723244,-0.0021670619641156463
tree_nitrogen_branch_sp1,min,44,-16.490129441849376,-0.0021842669028409034
tree_nitrogen_branch_sp1,min,45,-14.23489765049031,-0.0021982294620777054
tree_nitrogen_branch_sp1,min,46,23.258576015884646,-0.0005743100224044895
tree_nitrogen_branch_sp1,min,47,-23.082585557813424,-0.002216193486113127
tree_nitrogen_branch_sp1,min,48,-16.46220432725535,-0.002220142721796492
tree_nitrogen_branch_sp1,min,49,-12.541941499800389,-0.00222074513739301
tree_nitrogen_branch_sp1,min,50,-9.982839809102545,-0.00221803862413239
tree_nitrogen_branch_sp1,min,total,-874.065640358451,-0.07658437776058236
tree_nitrogen_branch_sp1,max,1,-224.31750960611325,0.0
tree_nitrogen_branch_sp1,max,2,19.02754498263409,0.0
tree_nitrogen_branch_sp1,max,3,-32.857826529401834,0.0011437923943091732
tree_nitrogen_branch_sp1,max,4,-25.261365588844207,0.0011650332098405158
tree_nitrogen_branch_sp1,max,5,-21.53274642890485,0.0011890626879136335
tree_nitrogen_branch_sp1,max,6,-2.869757147067482,0.0003161196959413637
tree_nitrogen_branch_sp1,max,7,-13.507810279277777,0.0012453441916129293
tree_nitrogen_branch_sp1,max,8,-23.728463492231327,0.001659481194664636
tree_nitrogen_branch_sp1,max,9,-17.892654815461313,0.0012598497491822513
tree_nitrogen_branch_sp1,max,10,-7.387637973408358,0.0012957719402670875
tree_nitrogen_branch_sp1,max,11,-0.7756968937185844,0.0004505880804512863
tree_nitrogen_branch_sp1,max,12,-23.598474140989115,0.0013199210092196267
tree_nitrogen_branch_sp1,max,13,-22.066393458405354,0.001361314223483845
tree_nitrogen_branch_sp1,max,14,-21.561204407279032,0.0014048974526836844
tree_nitrogen_branch_sp1,max,15,1.7764729812237867,0.0014506015074511325
tree_nitrogen_branch_sp1,max,16,-0.39148133898335136,0.0005934015902164802
tree_nitrogen_branch_sp1,max,17,-24.98473089966157,0.001439683810186665
tree_nitrogen_branch_sp1,max,18,-23.37781734736772,0.0014876268034669238
tree_nitrogen_branch_sp1,max,19,-22.796140893971007,0.0015371868920794896
tree_nitrogen_branch_sp1,max,20,-22.7027537152638,0.0015882458661025112
tree_nitrogen_branch_sp1,max,21,1.3775468624285803,0.0004265747244671658
tree_nitrogen_branch_sp1,max,22,-30.86975902014084,0.0016943194494487557
tree_nitrogen_branch_sp1,max,23,-27.571978478169804,0.0017490275390130705
tree_nitrogen_branch_sp1,max,24,-26.016908114886157,0.0018046205725958941
tree_nitrogen_branch_sp1,max,25,-25.313856018455137,0.0018609075963311739
tree_nitrogen_branch_sp1,max,26,3.6929960260043004,0.0004985974514770675
tree_nitrogen_branch_sp1,max,27,-34.44370770268389,0.0019747244057413127
tree_nitrogen_branch_sp1,max,28,-30.05035552299293,0.002031798268511409
tree_nitrogen_branch_sp1,max,29,-27.78938975924832,0.0020886559093646895
tree_nitrogen_branch_sp1,max,30,-26.56074677001526,0.0021450372992362077
tree_nitrogen_branch_sp1,max,31,7.650948442657757,0.0005721747775631059
tree_nitrogen_branch_sp1,max,32,-35.53142209843044,0.002255282273040393
tree_nitrogen_branch_sp1,max,33,-30.410291160939796,0.002308583201433123
tree_nitrogen_branch_sp1,max,34,-27.55609330013071,0.0023602875532127143
tree_nitrogen_branch_sp1,max,35,97.5745615071739,0.002410107603338929
tree_nitrogen_branch_sp1,max,36,10.214633767019171,0.0015942937967530213
tree_nitrogen_branch_sp1,max,37,-15.977606251152945,0.002002369356455702
tree_nitrogen_branch_sp1,max,38,-16.319149700089365,0.002036358570880026
tree_nitrogen_branch_sp1,max,39,-16.246162659651635,0.0020679698495023047
tree_nitrogen_branch_sp1,max,40,-15.89818473319292,0.002097011857070896
tree_nitrogen_branch_sp1,max,41,18.13106524249209,0.000552060382808861
tree_nitrogen_branch_sp1,max,42,-25.756475771525285,0.0021467047023477903
tree_nitrogen_branch_sp1,max,43,-19.927330978795005,0.0021670619641227518
tree_nitrogen_branch_sp1,max,44,-16.485760908043698,0.0021842669028373507
tree_nitrogen_branch_sp1,max,45,-14.230501191566155,0.0021982294620777054
tree_nitrogen_branch_sp1,max,46,23.259724635929455,0.0005743100224044895
tree_nitrogen_branch_sp1,max,47,-23.078153170841198,0.002216193486113127
tree_nitrogen_branch_sp1,max,48,-16.457764041811753,0.0022201427218000447
tree_nitrogen_branch_sp1,max,49,-12.537500009525603,0.00222074513739301
tree_nitrogen_branch_sp1,max,50,-9.97840373185428,0.00221803862413239
tree_nitrogen_branch_sp1,max,total,-873.9124716029299,0.07658437776046867
tree_nitrogen_croot_sp1,min,1,-224.31750960611325,0.0
tree_nitrogen_croot_sp1,min,2,19.02754498263409,0.0
tree_nitrogen_croot_sp1,min,3,-32.8598184816911,-0.0008481598949572344
tree_nitrogen_croot_sp1,min,4,-25.263417473745168,-0.0008868516911206825
tree_nitrogen_croot_sp1,min,5,-21.53486284534966,-0.0009273537568965651
tree_nitrogen_croot_sp1,min,6,-2.8710429698852176,-0.0009697031217941188
tree_nitrogen_croot_sp1,min,7,-13.51006955762313,-0.0010139341537396263
tree_nitrogen_croot_sp1,min,8,-23.73133695894584,-0.0012139855198469718
tree_nitrogen_croot_sp1,min,9,-17.894978500197247,-0.0010638349867519992
tree_nitrogen_croot_sp1,min,10,-7.390045624099185,-0.0011118787505601802
tree_nitrogen_croot_sp1,min,11,-0.777477983278331,-0.001330501479295254
tree_nitrogen_croot_sp1,min,12,-23.600959189943,-0.0011651279446667218
tree_nitrogen_croot_sp1,min,13,-22.068971515036118,-0.0012167424072799804
tree_nitrogen_croot_sp1,min,14,-21.563879492376525,-0.0012701876448097948
tree_nitrogen_croot_sp1,min,15,1.773696929603009,-0.0013254501133266317
tree_nitrogen_croot_sp1,min,16,-0.39380850647032783,-0.0017337658967599978
tree_nitrogen_croot_sp1,min,17,-24.987511014908225,-0.0013404314364677816
tree_nitrogen_croot_sp1,min,18,-23.380701701465654,-0.0013967272944661602
tree_nitrogen_croot_sp1,min,19,-22.799132646549843,-0.0014545656867568368
tree_nitrogen_croot_sp1,min,20,-22.705855842287264,-0.0015138811573613964
tree_nitrogen_croot_sp1,min,21,1.3755456924958325,-0.001574595208280627
tree_nitrogen_croot_sp1,min,22,-30.873089955198395,-0.00163661560810624
tree_nitrogen_croot_sp1,min,23,-27.57542734151124,-0.0016998358024231663
tree_nitrogen_croot_sp1,min,24,-26.020476869910556,-0.0017641344518040114
tree_nitrogen_croot_sp1,min,25,-25.317546301175675,-0.0018293751242062228
tree_nitrogen_croot_sp1,min,26,3.6906020223838802,-0.0018954061689431256
tree_nitrogen_croot_sp1,min,27,-34.447644487888326,-0.001962060798696541
tree_nitrogen_croot_sp1,min,28,-30.05441647866594,-0.0020291574044968286
tree_nitrogen_croot_sp1,min,29,-27.793574915283422,-0.0020965001257380322
tree_nitrogen_croot_sp1,min,30,-26.565055687007746,-0.002163879693249271
tree_nitrogen_croot_sp1,min,31,7.648145193322026,-0.002231074558167734
tree_nitrogen_croot_sp1,min,32,-35.535975233016124,-0.002297852312644011
tree_nitrogen_croot_sp1,min,33,-30.414963715541912,-0.00236397140068334
tree_nitrogen_croot_sp1,min,34,-27.560882770792627,-0.002429183108706212
tree_nitrogen_croot_sp1,min,35,97.56965816575472,-0.0024932338158407674
tree_nitrogen_croot_sp1,min,36,10.208628235285408,-0.004411237937009815
tree_nitrogen_croot_sp1,min,37,-15.981702083133406,-0.0020934626240052268
tree_nitrogen_croot_sp1,min,38,-16.32332674944915,-0.0021406907889058857
tree_nitrogen_croot_sp1,min,39,-16.250416810541783,-0.0021861810406456073
tree_nitrogen_croot_sp1,min,40,-15.902511488096494,-0.0022297430465023638
tree_nitrogen_croot_sp1,min,41,18.128241986234215,-0.002271195875067633
tree_nitrogen_croot_sp1,min,42,-25.760932846433008,-0.0023103702053752784
tree_nitrogen_croot_sp1,min,43,-19.93184515114889,-0.0023471103897634293
tree_nitrogen_croot_sp1,min,44,-16.490326451265087,-0.002381276318551784
tree_nitrogen_croot_sp1,min,45,-14.235112166067807,-0.0024127450395745598
tree_nitrogen_croot_sp1,min,46,23.25670891381423,-0.002441412092821338
tree_nitrogen_croot_sp1,min,47,-23.082836556856304,-0.0024671925289929675
tree_nitrogen_croot_sp1,min,48,-16.462474206124522,-0.002490021590968894
tree_nitrogen_croot_sp1,min,49,-12.542230609710828,-0.002509855047831522
tree_nitrogen_croot_sp1,min,50,-9.983148439660523,-0.002526669182110197
tree_nitrogen_croot_sp1,min,total,-874.0785251029175,-0.0894691222271149
tree_nitrogen_croot_sp1,max,1,-224.31750960611325,0.0
tree_nitrogen_croot_sp1,max,2,19.02754498263409,0.0
tree_nitrogen_croot_sp1,max,3,-32.85812216190119,0.000848159894950129
tree_nitrogen_croot_sp1,max,4,-25.26164377036293,0.0008868516911171298
tree_nitrogen_croot_sp1,max,5,-21.533008137835868,0.0009273537568965651
tree_nitrogen_croot_sp1,max,6,-2.8691035636416298,0.0009697031217936747
tree_nitrogen_croot_sp1,max,7,-13.50804168931565,0.0010139341537396263
tree_nitrogen_croot_sp1,max,8,-23.728908987906145,0.0012139855198469718
tree_nitrogen_croot_sp1,max,9,-17.892850830223743,0.0010638349867519992
tree_nitrogen_croot_sp1,max,10,-7.387821866598067,0.0011118787505584038
tree_nitrogen_croot_sp1,max,11,-0.7748169803197409,0.00133050147929481
tree_nitrogen_croot_sp1,max,12,-23.59862893405367,0.001165127944663169
tree_nitrogen_croot_sp1,max,13,-22.066538030221558,0.0012167424072799804
tree_nitrogen_croot_sp1,max,14,-21.561339117086906,0.0012701876448097948
tree_nitrogen_croot_sp1,max,15,1.7763478298296622,0.0013254501133266317
tree_nitrogen_croot_sp1,max,16,-0.39034097467680784,0.0017337658967599978
tree_nitrogen_croot_sp1,max,17,-24.984830152035286,0.0013404314364713343
tree_nitrogen_croot_sp1,max,18,-23.37790824687672,0.0013967272944661602
tree_nitrogen_croot_sp1,max,19,-22.796223515176333,0.0014545656867532841
tree_nitrogen_croot_sp1,max,20,-22.70282807997254,0.0015138811573613964
tree_nitrogen_croot_sp1,max,21,1.3786948829123928,0.0015745952082797388
tree_nitrogen_croot_sp1,max,22,-30.869816723982183,0.00163661560810624
tree_nitrogen_croot_sp1,max,23,-27.572027669906394,0.0016998358024231663
tree_nitrogen_croot_sp1,max,24,-26.01694860100695,0.0017641344518040114
tree_nitrogen_croot_sp1,max,25,-25.31388755092726,0.0018293751242097755
tree_nitrogen_croot_sp1,max,26,3.6943928347217665,0.0018954061689431256
tree_nitrogen_croot_sp1,max,27,-34.44372036629094,0.0019620607986894356
tree_nitrogen_croot_sp1,max,28,-30.050358163856945,0.0020291574044968286
tree_nitrogen_croot_sp1,max,29,-27.78938191503195,0.0020965001257344795
tree_nitrogen_croot_sp1,max,30,-26.56072792762125,0.0021638796932457183
tree_nitrogen_croot_sp1,max,31,7.652607342438364,0.00223107455816951
tree_nitrogen_croot_sp1,max,32,-35.531379528390836,0.002297852312644011
tree_nitrogen_croot_sp1,max,33,-30.410235772740542,0.002363971400686893
tree_nitrogen_croot_sp1,max,34,-27.556024404575215,0.002429183108706212
tree_nitrogen_croot_sp1,max,35,97.5746446333864,0.0024932338158407674
tree_nitrogen_croot_sp1,max,36,10.217450711159428,0.004411237937009815
tree_nitrogen_croot_sp1,max,37,-15.977515157885398,0.0020934626240034504
tree_nitrogen_croot_sp1,max,38,-16.319045367871336,0.0021406907889094384
tree_nitrogen_croot_sp1,max,39,-16.246044448460495,0.0021861810406420545
tree_nitrogen_croot_sp1,max,40,-15.898052002003489,0.0022297430465023638
tree_nitrogen_croot_sp1,max,41,18.13278437798435,0.002271195875067633
tree_nitrogen_croot_sp1,max,42,-25.756312106022257,0.0023103702053752784
tree_nitrogen_croot_sp1,max,43,-19.927150930369358,0.0023471103897705348
tree_nitrogen_croot_sp1,max,44,-16.485563898627987,0.002381276318548231
tree_nitrogen_croot_sp1,max,45,-14.230286675988658,0.0024127450395745598
tree_nitrogen_croot_sp1,max,46,23.261591737999872,0.002441412092821338
tree_nitrogen_croot_sp1,max,47,-23.077902171798318,0.0024671925289929675
tree_nitrogen_croot_sp1,max,48,-16.45749416294258,0.0024900215909724466
tree_nitrogen_croot_sp1,max,49,-12.537210899615166,0.0025098550478297454
tree_nitrogen_croot_sp1,max,50,-9.978095101296303,0.002526669182110197
tree_nitrogen_croot_sp1,max,total,-873.8995868584635,0.08946912222688752
tree_nitrogen_froot_sp1,min,1,-224.31750960611325,0.0
tree_nitrogen_froot_sp1,min,2,19.02754498263409,0.0
tree_nitrogen_froot_sp1,min,3,-32.88515451674476,-0.026184194948619677
tree_nitrogen_froot_sp1,min,4,-25.289909301131967,-0.0273786790779198
tree_nitrogen_froot_sp1,min,5,-21.56256454102238,-0.02862904942961464
tree_nitrogen_froot_sp1,min,6,-2.9000097159333587,-0.02993644916993521
tree_nitrogen_froot_sp1,min,7,-13.540357562766992,-0.03130193929760239
tree_nitrogen_froot_sp1,min,8,-23.76236473749404,-0.03224176406804702
tree_nitrogen_froot_sp1,min,9,-17.926757131415123,-0.032842466204627385
tree_nitrogen_froot_sp1,min,10,-7.423259407451974,-0.034325662103348975
tree_nitrogen_froot_sp1,min,11,-0.8114837474186025,-0.03533626561956682
tree_nitrogen_froot_sp1,min,12,-23.63576362083344,-0.035969558835105886
tree_nitrogen_froot_sp1,min,13,-22.105317761145386,-0.037562988516548046
tree_nitrogen_froot_sp1,min,14,-21.601822242187033,-0.03921293745531784
tree_nitrogen_froot_sp1,min,15,1.7341033921900637,-0.04091898752627188
tree_nitrogen_froot_sp1,min,16,-0.4336489170373765,-0.041574176463808676
tree_nitrogen_froot_sp1,min,17,-25.02755207092065,-0.04138148744889136
tree_nitrogen_froot_sp1,min,18,-23.422424414250628,-0.04311944007944035
tree_nitrogen_froot_sp1,min,19,-22.842583094332866,-0.04490501346977993
tree_nitrogen_froot_sp1,min,20,-22.751078148008236,-0.04673618687833425
tree_nitrogen_froot_sp1,min,21,1.3285097507712273,-0.04861053693288575
tree_nitrogen_froot_sp1,min,22,-30.921978555877207,-0.05052521628691764
tree_nitrogen_froot_sp1,min,23,-27.626204441126255,-0.05247693541743814
tree_nitrogen_froot_sp1,min,24,-26.073174683820483,-0.05446194836173035
tree_nitrogen_froot_sp1,min,25,-25.372192969273073,-0.056476043221604044
tree_nitrogen_froot_sp1,min,26,3.633982890280565,-0.0585145382722585
tree_nitrogen_froot_sp1,min,27,-34.50625471158411,-0.0605722844944836
tree_nitrogen_froot_sp1,min,28,-30.115030996559874,-0.06264367529843184
tree_nitrogen_froot_sp1,min,29,-27.856201079278602,-0.06472266412091798
tree_nitrogen_froot_sp1,min,30,-26.629694597767447,-0.06680279045295023
tree_nitrogen_froot_sp1,min,31,7.581499053190631,-0.06887721468956265
tree_nitrogen_froot_sp1,min,32,-35.60461614269304,-0.0709387619895594
tree_nitrogen_froot_sp1,min,33,-30.48557971923386,-0.07297997509263254
tree_nitrogen_froot_sp1,min,34,-27.63344676345482,-0.07499317577089926
tree_nitrogen_froot_sp1,min,35,97.49518086527087,-0.07697053429969003
tree_nitrogen_froot_sp1,min,36,10.139978606520879,-0.07306086670153888
tree_nitrogen_froot_sp1,min,37,-16.04423751158353,-0.06462889107412728
tree_nitrogen_froot_sp1,min,38,-16.38727296665341,-0.06608690799316363
tree_nitrogen_froot_sp1,min,39,-16.31572190196241,-0.06749127246127173
tree_nitrogen_froot_sp1,min,40,-15.969117853621128,-0.06883610857113709
tree_nitrogen_froot_sp1,min,41,18.060397351458835,-0.07011583065044746
tree_nitrogen_froot_sp1,min,42,-25.829947687689252,-0.07132521146161963
tree_nitrogen_froot_sp1,min,43,-20.001957486645452,-0.07245944588632369
tree_nitrogen_froot_sp1,min,44,-16.561459383437466,-0.0735142084909306
tree_nitrogen_froot_sp1,min,45,-14.307185124553268,-0.07448570352503481
tree_nitrogen_froot_sp1,min,46,23.18377961978371,-0.07537070612334063
tree_nitrogen_froot_sp1,min,47,-23.15653595807821,-0.07616659375089796
tree_nitrogen_froot_sp1,min,48,-16.536855551774487,-0.07687136724093335
tree_nitrogen_froot_sp1,min,49,-12.617204415769796,-0.07748366110680038
tree_nitrogen_froot_sp1,min,50,-10.058624513626814,-0.07800274314840117
tree_nitrogen_froot_sp1,min,total,-876.6650790401711,-2.6760230594807126
tree_nitrogen_froot_sp1,max,1,-224.31750960611325,0.0
tree_nitrogen_froot_sp1,max,2,19.02754498263409,0.0
tree_nitrogen_froot_sp1,max,3,-32.83278612684753,0.02618419494861257
tree_nitrogen_froot_sp1,max,4,-25.23515194297613,0.027378679077916246
tree_nitrogen_froot_sp1,max,5,-21.50530644216315,0.02862904942961464
tree_nitrogen_froot_sp1,max,6,-2.8401368175934887,0.029936449169934765
tree_nitrogen_froot_sp1,max,7,-13.477753684171784,0.03130193929760594
tree_nitrogen_froot_sp1,max,8,-23.697881209357945,0.03224176406804702
tree_nitrogen_froot_sp1,max,9,-17.86107219900587,0.03284246620462383
tree_nitrogen_froot_sp1,max,10,-7.354608083245278,0.0343256621033472
tree_nitrogen_froot_sp1,max,11,-0.7408112161794693,0.035336265619566376
tree_nitrogen_froot_sp1,max,12,-23.563824503163232,0.03596955883510233
tree_nitrogen_froot_sp1,max,13,-22.03019178411229,0.037562988516548046
tree_nitrogen_froot_sp1,max,14,-21.523396367276394,0.039212937455321395
tree_nitrogen_froot_sp1,max,15,1.8159413672426075,0.04091898752627188
tree_nitrogen_froot_sp1,max,16,-0.35050056410975916,0.041574176463808676
tree_nitrogen_froot_sp1,max,17,-24.944789096022863,0.041381487448894916
tree_nitrogen_froot_sp1,max,18,-23.336185534091744,0.043119440079443905
tree_nitrogen_froot_sp1,max,19,-22.75277306739331,0.04490501346977638
tree_nitrogen_froot_sp1,max,20,-22.657605774251568,0.04673618687833425
tree_nitrogen_froot_sp1,max,21,1.425730824636998,0.04861053693288486
tree_nitrogen_froot_sp1,max,22,-30.82092812330337,0.05052521628691764
tree_nitrogen_froot_sp1,max,23,-27.521250570291382,0.05247693541743459
tree_nitrogen_froot_sp1,max,24,-25.964250787097026,0.0544619483617268
tree_nitrogen_froot_sp1,max,25,-25.25924088282986,0.0564760432216076
tree_nitrogen_froot_sp1,max,26,3.751011966825082,0.0585145382722585
tree_nitrogen_froot_sp1,max,27,-34.38511014259515,0.06057228449447649
tree_nitrogen_froot_sp1,max,28,-29.98974364596301,0.06264367529843184
tree_nitrogen_froot_sp1,max,29,-27.726755751036766,0.06472266412091798
tree_nitrogen_froot_sp1,max,30,-26.49608901686155,0.06680279045294668
tree_nitrogen_froot_sp1,max,31,7.7192534825697585,0.06887721468956443
tree_nitrogen_froot_sp1,max,32,-35.462738618713914,0.0709387619895665
tree_nitrogen_froot_sp1,max,33,-30.339619769048596,0.07297997509263254
tree_nitrogen_froot_sp1,max,34,-27.483460411913022,0.07499317577089926
tree_nitrogen_froot_sp1,max,35,97.64912193387025,0.07697053429969003
tree_nitrogen_froot_sp1,max,36,10.286100339923957,0.07306086670153888
tree_nitrogen_froot_sp1,max,37,-15.914979729435274,0.06462889107412728
tree_nitrogen_froot_sp1,max,38,-16.255099150667082,0.06608690799316363
tree_nitrogen_froot_sp1,max,39,-16.18073935703987,0.06749127246126818
tree_nitrogen_froot_sp1,max,40,-15.831445636478854,0.06883610857113709
tree_nitrogen_froot_sp1,max,41,18.20062901275973,0.07011583065044746
tree_nitrogen_froot_sp1,max,42,-25.687297264766013,0.07132521146161963
tree_nitrogen_froot_sp1,max,43,-19.857038594872797,0.0724594458863308
tree_nitrogen_froot_sp1,max,44,-16.41443096645561,0.07351420849092705
tree_nitrogen_froot_sp1,max,45,-14.158213717503198,0.07448570352503481
tree_nitrogen_froot_sp1,max,46,23.33452103203039,0.07537070612334063
tree_nitrogen_froot_sp1,max,47,-23.004202770576413,0.07616659375089796
tree_nitrogen_froot_sp1,max,48,-16.383112817292616,0.0768713672409369
tree_nitrogen_froot_sp1,max,49,-12.462237093556196,0.07748366110680038
tree_nitrogen_froot_sp1,max,50,-9.902619027330013,0.07800274314839939
tree_nitrogen_froot_sp1,max,total,-871.3130329212098,2.676023059480599
tree_nitrogen_leaf_sp1,min,1,-224.31750960611325,0.0
tree_nitrogen_leaf_sp1,min,2,19.02754498263409,0.0
tree_nitrogen_leaf_sp1,min,3,-32.89615868759616,-0.03718836580002005
tree_nitrogen_leaf_sp1,min,4,-25.301415465932923,-0.038884843878875586
tree_nitrogen_leaf_sp1,min,5,-21.574596186519024,-0.040660694926259566
tree_nitrogen_leaf_sp1,min,6,-2.8811278278226498,-0.011054561059226309
tree_nitrogen_leaf_sp1,min,7,-13.55351251707004,-0.04445689360064975
tree_nitrogen_leaf_sp1,min,8,-23.775786033899657,-0.04566306047366453
tree_nitrogen_leaf_sp1,min,9,-17.94055950761979,-0.04664484240929312
tree_nitrogen_leaf_sp1,min,10,-7.437685111626346,-0.048751366277720365
tree_nitrogen_leaf_sp1,min,11,-0.7891593668785406,-0.013011885079504903
tree_nitrogen_leaf_sp1,min,12,-23.650880189116247,-0.05108612711791238
tree_nitrogen_leaf_sp1,min,13,-22.12110398425198,-0.05334921162314288
tree_nitrogen_leaf_sp1,min,14,-21.618301872902833,-0.055692568171117784
tree_nitrogen_leaf_sp1,min,15,1.7169067768009256,-0.05811560291540996
tree_nitrogen_leaf_sp1,min,16,-0.40735041028919206,-0.015275669715624218
tree_nitrogen_leaf_sp1,min,17,-25.044943056546387,-0.05877247307462952
tree_nitrogen_leaf_sp1,min,18,-23.440545791920716,-0.061240817749528276
tree_nitrogen_leaf_sp1,min,19,-22.861454877149782,-0.06377679628669597
tree_nitrogen_leaf_sp1,min,20,-22.77071949983752,-0.06637753870761642
tree_nitrogen_leaf_sp1,min,21,1.3591699908737849,-0.017950296830328227
tree_nitrogen_leaf_sp1,min,22,-30.94321228536236,-0.07175894577207131
tree_nitrogen_leaf_sp1,min,23,-27.64825840017387,-0.07453089446505246
tree_nitrogen_leaf_sp1,min,24,-26.096062864490115,-0.07735012903136251
tree_nitrogen_leaf_sp1,min,25,-25.39592759353177,-0.08021066748030137
tree_nitrogen_leaf_sp1,min,26,3.6708899048110717,-0.021607523741751677
tree_nitrogen_leaf_sp1,min,27,-34.531710822369455,-0.08602839527982553
tree_nitrogen_leaf_sp1,min,28,-30.141357630130106,-0.08897030886866375
tree_nitrogen_leaf_sp1,min,29,-27.883401428777308,-0.09192301361962407
tree_nitrogen_leaf_sp1,min,30,-26.65776914124443,-0.09487733392993292
tree_nitrogen_leaf_sp1,min,31,7.624942143376883,-0.025434124503311395
tree_nitrogen_leaf_sp1,min,32,-35.63442886973896,-0.10075148903548126
tree_nitrogen_leaf_sp1,min,33,-30.51625028658285,-0.10365054244162053
tree_nitrogen_leaf_sp1,min,34,-27.66496339860407,-0.10650981092014788
tree_nitrogen_leaf_sp1,min,35,97.46283322534458,-0.1093181742259759
tree_nitrogen_leaf_sp1,min,36,10.186463625549234,-0.026575847673184327
tree_nitrogen_leaf_sp1,min,37,-16.071398452017714,-0.09178983150831321
tree_nitrogen_leaf_sp1,min,38,-16.415046653338255,-0.09386059467800933
tree_nitrogen_leaf_sp1,min,39,-16.34408578691667,-0.09585515741553152
tree_nitrogen_leaf_sp1,min,40,-15.99804691945451,-0.09776517440451826
tree_nitrogen_leaf_sp1,min,41,18.10462167684946,-0.0258915052598212
tree_nitrogen_leaf_sp1,min,42,-25.85992282400627,-0.10130034777863628
tree_nitrogen_leaf_sp1,min,43,-20.032409296368677,-0.10291125560954839
tree_nitrogen_leaf_sp1,min,44,-16.5923544677365,-0.10440929278996336
tree_nitrogen_leaf_sp1,min,45,-14.338488489395491,-0.10578906836725821
tree_nitrogen_leaf_sp1,min,46,23.23131836533658,-0.027831960570470216
tree_nitrogen_leaf_sp1,min,47,-23.188545733916232,-0.10817636958892152
tree_nitrogen_leaf_sp1,min,48,-16.569161515748565,-0.10917733121501172
tree_nitrogen_leaf_sp1,min,49,-12.649767702389251,-0.11004694772625534
tree_nitrogen_leaf_sp1,min,50,-10.091405949686528,-0.11078417920811567
tree_nitrogen_leaf_sp1,min,total,-877.2620958134963,-3.273039832805921
tree_nitrogen_leaf_sp1,max,1,-224.31750960611325,0.0
tree_nitrogen_leaf_sp1,max,2,19.02754498263409,0.0
tree_nitrogen_leaf_sp1,max,3,-32.82178195599613,0.037188365800012946
tree_nitrogen_leaf_sp1,max,4,-25.22364577817517,0.038884843878875586
tree_nitrogen_leaf_sp1,max,5,-21.493274796666505,0.040660694926259566
tree_nitrogen_leaf_sp1,max,6,-2.859018705704197,0.011054561059226309
tree_nitrogen_leaf_sp1,max,7,-13.464598729868737,0.0444568936006533
tree_nitrogen_leaf_sp1,max,8,-23.684459912952327,0.04566306047366453
tree_nitrogen_leaf_sp1,max,9,-17.847269822801202,0.04664484240929312
tree_nitrogen_leaf_sp1,max,10,-7.340182379070907,0.04875136627771859
tree_nitrogen_leaf_sp1,max,11,-0.7631355967195312,0.01301188507950446
tree_nitrogen_leaf_sp1,max,12,-23.548707934880426,0.05108612711790883
tree_nitrogen_leaf_sp1,max,13,-22.014405561005695,0.05334921162314288
tree_nitrogen_leaf_sp1,max,14,-21.506916736560594,0.05569256817112134
tree_nitrogen_leaf_sp1,max,15,1.8331379826317455,0.05811560291540996
tree_nitrogen_leaf_sp1,max,16,-0.37679907085794406,0.015275669715623774
tree_nitrogen_leaf_sp1,max,17,-24.927398110397128,0.05877247307462952
tree_nitrogen_leaf_sp1,max,18,-23.31806415642166,0.061240817749528276
tree_nitrogen_leaf_sp1,max,19,-22.733901284576394,0.06377679628669242
tree_nitrogen_leaf_sp1,max,20,-22.637964422422286,0.06637753870761642
tree_nitrogen_leaf_sp1,max,21,1.3950705845344404,0.01795029683032734
tree_nitrogen_leaf_sp1,max,22,-30.799694393818218,0.07175894577207131
tree_nitrogen_leaf_sp1,max,23,-27.499196611243768,0.0745308944650489
tree_nitrogen_leaf_sp1,max,24,-25.941362606427393,0.07735012903135896
tree_nitrogen_leaf_sp1,max,25,-25.235506258571167,0.08021066748030137
tree_nitrogen_leaf_sp1,max,26,3.714104952294575,0.021607523741751677
tree_nitrogen_leaf_sp1,max,27,-34.35965403180981,0.08602839527981843
tree_nitrogen_leaf_sp1,max,28,-29.963417012392775,0.0889703088686673
tree_nitrogen_leaf_sp1,max,29,-27.69955540153806,0.09192301361962407
tree_nitrogen_leaf_sp1,max,30,-26.468014473384564,0.09487733392993292
tree_nitrogen_leaf_sp1,max,31,7.675810392383507,0.02543412450331317
tree_nitrogen_leaf_sp1,max,32,-35.432925891668,0.10075148903548126
tree_nitrogen_leaf_sp1,max,33,-30.30894920169961,0.10365054244162053
tree_nitrogen_leaf_sp1,max,34,-27.451943776763773,0.10650981092014788
tree_nitrogen_leaf_sp1,max,35,97.68146957379655,0.1093181742259901
tree_nitrogen_leaf_sp1,max,36,10.239615320895604,0.026575847673186104
tree_nitrogen_leaf_sp1,max,37,-15.88781878900109,0.09178983150831144
tree_nitrogen_leaf_sp1,max,38,-16.227325463982236,0.09386059467800933
tree_nitrogen_leaf_sp1,max,39,-16.15237547208561,0.09585515741552797
tree_nitrogen_leaf_sp1,max,40,-15.802516570645473,0.09776517440451826
tree_nitrogen_leaf_sp1,max,41,18.156404687369104,0.0258915052598212
tree_nitrogen_leaf_sp1,max,42,-25.657322128448996,0.10130034777863628
tree_nitrogen_leaf_sp1,max,43,-19.826586785149573,0.1029112556095555
tree_nitrogen_leaf_sp1,max,44,-16.383535882156572,0.10440929278996336
tree_nitrogen_leaf_sp1,max,45,-14.126910352660971,0.10578906836726176
tree_nitrogen_leaf_sp1,max,46,23.28698228647752,0.027831960570470216
tree_nitrogen_leaf_sp1,max,47,-22.97219299473839,0.10817636958892152
tree_nitrogen_leaf_sp1,max,48,-16.350806853318538,0.10917733121501527
tree_nitrogen_leaf_sp1,max,49,-12.429673806936743,0.11004694772625356
tree_nitrogen_leaf_sp1,max,50,-9.869837591270299,0.1107841792081139
tree_nitrogen_leaf_sp1,max,total,-870.7160161478846,3.2730398328058072
tree_nitrogen_stem_sp1,min,1,-224.31750960611325,0.0
tree_nitrogen_stem_sp1,min,2,19.02754498263409,0.0
tree_nitrogen_stem_sp1,min,3,-32.8598246953167,-0.000854373520560614
tree_nitrogen_stem_sp1,min,4,-25.263434353174176,-0.000903731120128981
tree_nitrogen_stem_sp1,min,5,-21.534890287255728,-0.0009547956629631926
tree_nitrogen_stem_sp1,min,6,-2.870335251405102,-0.000261984641678481
tree_nitrogen_stem_sp1,min,7,-13.510117929536158,-0.0010623060667676043
tree_nitrogen_stem_sp1,min,8,-23.732327264074346,-0.002204290648354146
tree_nitrogen_stem_sp1,min,9,-17.89504495317553,-0.0011302879650330055
tree_nitrogen_stem_sp1,min,10,-7.390122116813021,-0.0011883714643960985
tree_nitrogen_stem_sp1,min,11,-0.7767869480671488,-0.0006394662681130647
tree_nitrogen_stem_sp1,min,12,-23.60105206731209,-0.0012580053137547509
tree_nitrogen_stem_sp1,min,13,-22.06907423824102,-0.0013194656121804371
tree_nitrogen_stem_sp1,min,14,-21.56399216842321,-0.001382863691492986
tree_nitrogen_stem_sp1,min,15,1.773574176717843,-0.001448202998492576
tree_nitrogen_stem_sp1,min,16,-0.39313768950871797,-0.001062948935150132
tree_nitrogen_stem_sp1,min,17,-24.98764432150069,-0.0014737380289311375
tree_nitrogen_stem_sp1,min,18,-23.380844808772355,-0.001539834601167911
tree_nitrogen_stem_sp1,min,19,-22.799285721284917,-0.0016076404218310358
tree_nitrogen_stem_sp1,min,20,-22.706019060732558,-0.0016770996026558294
tree_nitrogen_stem_sp1,min,21,1.3766657708503058,-0.00045451685380726303
tree_nitrogen_stem_sp1,min,22,-30.87327402075408,-0.0018206811637924147
tree_nitrogen_stem_sp1,min,23,-27.575622121912893,-0.0018946162040762715
tree_nitrogen_stem_sp1,min,24,-26.020682564150643,-0.0019698286918909957
tree_nitrogen_stem_sp1,min,25,-25.317763109585375,-0.0020461835339062873
tree_nitrogen_stem_sp1,min,26,3.6919453111418696,-0.0005521174109537341
tree_nitrogen_stem_sp1,min,27,-34.44788412133004,-0.0022016942404121664
tree_nitrogen_stem_sp1,min,28,-30.054667815749763,-0.0022804944883212386
tree_nitrogen_stem_sp1,min,29,-27.793838141758673,-0.002359726600989376
tree_nitrogen_stem_sp1,min,30,-26.565330979646358,-0.0024391723318615277
tree_nitrogen_stem_sp1,min,31,7.649721432159367,-0.0006548357208266964
tree_nitrogen_stem_sp1,min,32,-35.53627514122722,-0.002597760523741499
tree_nitrogen_stem_sp1,min,33,-30.41527614401297,-0.0026763998717420634
tree_nitrogen_stem_sp1,min,34,-27.56120783802643,-0.0027542503425088682
tree_nitrogen_stem_sp1,min,35,97.56932036133523,-0.002831038235328265
tree_nitrogen_stem_sp1,min,36,10.20861832736659,-0.004421145855827646
tree_nitrogen_stem_sp1,min,37,-15.981992869865753,-0.002384249356351731
tree_nitrogen_stem_sp1,min,38,-16.323627849522882,-0.00244179086263685
tree_nitrogen_stem_sp1,min,39,-16.250728222722337,-0.002497593221200134
tree_nitrogen_stem_sp1,min,40,-15.90283318782749,-0.002551442777498636
tree_nitrogen_stem_sp1,min,41,18.12983636720068,-0.0006768149086013864
tree_nitrogen_stem_sp1,min,42,-25.761274949428998,-0.002652473201365524
tree_nitrogen_stem_sp1,min,43,-19.932197318930804,-0.002699278171675701
tree_nitrogen_stem_sp1,min,44,-16.490688557849644,-0.0027433829031089374
tree_nitrogen_stem_sp1,min,45,-14.235484059149243,-0.0027846381210103743
tree_nitrogen_stem_sp1,min,46,23.258416368496245,-0.000733957410805175
tree_nitrogen_stem_sp1,min,47,-23.083227461339476,-0.002858097012165217
tree_nitrogen_stem_sp1,min,48,-16.46287428419139,-0.002890099657836487
tree_nitrogen_stem_sp1,min,49,-12.542639606874408,-0.00291885221141186
tree_nitrogen_stem_sp1,min,50,-9.983566077810297,-0.0029443073318837776
tree_nitrogen_stem_sp1,min,total,-874.0787568264717,-0.08970084578129445
tree_nitrogen_stem_sp1,max,1,-224.31750960611325,0.0
tree_nitrogen_stem_sp1,max,2,19.02754498263409,0.0
tree_nitrogen_stem_sp1,max,3,-32.85811594827558,0.000854373520560614
tree_nitrogen_stem_sp1,max,4,-25.261626890933922,0.0009037311201254283
tree_nitrogen_stem_sp1,max,5,-21.5329806959298,0.0009547956629631926
tree_nitrogen_stem_sp1,max,6,-2.8698112821217454,0.0002619846416780369
tree_nitrogen_stem_sp1,max,7,-13.507993317402622,0.0010623060667676043
tree_nitrogen_stem_sp1,max,8,-23.727918682777638,0.002204290648354146
tree_nitrogen_stem_sp1,max,9,-17.892784377245466,0.0011302879650294528
tree_nitrogen_stem_sp1,max,10,-7.387745373884231,0.0011883714643943222
tree_nitrogen_stem_sp1,max,11,-0.7755080155309231,0.0006394662681126206
tree_nitrogen_stem_sp1,max,12,-23.59853605668458,0.0012580053137547509
tree_nitrogen_stem_sp1,max,13,-22.06643530701666,0.0013194656121768844
tree_nitrogen_stem_sp1,max,14,-21.56122644104022,0.0013828636914965386
tree_nitrogen_stem_sp1,max,15,1.7764705827148282,0.001448202998492576
tree_nitrogen_stem_sp1,max,16,-0.3910117916384177,0.001062948935150132
tree_nitrogen_stem_sp1,max,17,-24.984696845442823,0.0014737380289346902
tree_nitrogen_stem_sp1,max,18,-23.377765139570016,0.0015398346011714636
tree_nitrogen_stem_sp1,max,19,-22.79607044044126,0.0016076404218274831
tree_nitrogen_stem_sp1,max,20,-22.702664861527246,0.0016770996026558294
tree_nitrogen_stem_sp1,max,21,1.3775748045579195,0.00045451685380637485
tree_nitrogen_stem_sp1,max,22,-30.869632658426497,0.0018206811637924147
tree_nitrogen_stem_sp1,max,23,-27.571832889504744,0.0018946162040727188
tree_nitrogen_stem_sp1,max,24,-26.016742906766865,0.001969828691887443
tree_nitrogen_stem_sp1,max,25,-25.313670742517562,0.0020461835339062873
tree_nitrogen_stem_sp1,max,26,3.693049545963777,0.0005521174109537341
tree_nitrogen_stem_sp1,max,27,-34.443480732849224,0.002201694240405061
tree_nitrogen_stem_sp1,max,28,-30.050106826773117,0.0022804944883247913
tree_nitrogen_stem_sp1,max,29,-27.789118688556695,0.002359726600989376
tree_nitrogen_stem_sp1,max,30,-26.560452634982635,0.0024391723318615277
tree_nitrogen_stem_sp1,max,31,7.651031103601024,0.0006548357208302491
tree_nitrogen_stem_sp1,max,32,-35.53107962017974,0.002597760523741499
tree_nitrogen_stem_sp1,max,33,-30.409923344269487,0.0026763998717420634
tree_nitrogen_stem_sp1,max,34,-27.555699337341412,0.0027542503425088682
tree_nitrogen_stem_sp1,max,35,97.57498243780589,0.002831038235328265
tree_nitrogen_stem_sp1,max,36,10.217460619078246,0.004421145855827646
tree_nitrogen_stem_sp1,max,37,-15.977224371153051,0.0023842493563499545
tree_nitrogen_stem_sp1,max,38,-16.31874426779761,0.00244179086263685
tree_nitrogen_stem_sp1,max,39,-16.24573303627994,0.0024975932211965812
tree_nitrogen_stem_sp1,max,40,-15.897730302272493,0.002551442777498636
tree_nitrogen_stem_sp1,max,41,18.131189997017884,0.0006768149086013864
tree_nitrogen_stem_sp1,max,42,-25.755970003026267,0.002652473201365524
tree_nitrogen_stem_sp1,max,43,-19.926798762587445,0.0026992781716828063
tree_nitrogen_stem_sp1,max,44,-16.48520179204343,0.0027433829031053847
tree_nitrogen_stem_sp1,max,45,-14.229914782907223,0.0027846381210103743
tree_nitrogen_stem_sp1,max,46,23.259884283317856,0.000733957410805175
tree_nitrogen_stem_sp1,max,47,-23.077511267315145,0.002858097012165217
tree_nitrogen_stem_sp1,max,48,-16.457094084875713,0.0028900996578400395
tree_nitrogen_stem_sp1,max,49,-12.536801902451586,0.0029188522114100834
tree_nitrogen_stem_sp1,max,50,-9.977677463146529,0.0029443073318837776
tree_nitrogen_stem_sp1,max,total,-873.8993551349092,0.08970084578118076
tree_root_in_top_30,min,1,-224.31750960611325,0.0
tree_root_in_top_30,min,2,19.02754498263409,0.0
tree_root_in_top_30,min,3,-32.0578103716895,0.8011599501066442
tree_root_in_top_30,min,4,-24.74127057427361,0.5212600477804372
tree_root_in_top_30,min,5,-21.1579061056111,0.37602938598166347
tree_root_in_top_30,min,6,-2.5690462379296597,0.30102702883376375
tree_root_in_top_30,min,7,-13.245257619537597,0.2637980039317931
tree_root_in_top_30,min,8,-23.466021723786586,0.2641012496394062
tree_root_in_top_30,min,9,-17.702297597955557,0.19161706725493843
tree_root_in_top_30,min,10,-7.180544354950138,0.20838939039848725
tree_root_in_top_30,min,11,-0.537267002104052,0.23888047969498372
tree_root_in_top_30,min,12,-23.424506231816856,0.1752878301814782
tree_root_in_top_30,min,13,-21.865828122705388,0.20192664992345044
tree_root_in_top_30,min,14,-21.344020417126778,0.21858888760493755
tree_root_in_top_30,min,15,2.0051616563152663,0.23013927659893074
tree_root_in_top_30,min,16,-0.11317184590796181,0.278902894665606
tree_root_in_top_30,min,17,-24.849969774062185,0.1362008094095728
tree_root_in_top_30,min,18,-23.195740112976516,0.18356486119467164
tree_root_in_top_30,min,19,-22.58651831881316,0.21115976204992748
tree_root_in_top_30,min,20,-22.475849039878085,0.2284929212518172
tree_root_in_top_30,min,21,1.6173908264901358,0.24027053878602267
tree_root_in_top_30,min,22,-30.622402324248053,0.24905101534223562
tree_root_in_top_30,min,23,-27.317551379863808,0.25617612584500904
tree_root_in_top_30,min,24,-25.75638521385804,0.2623275216007137
tree_root_in_top_30,min,25,-25.047878786193746,0.267838139857723
tree_root_in_top_30,min,26,3.9653512246386096,0.2728537960857862
tree_root_in_top_30,min,27,-34.168256782813096,0.2774256442765335
tree_root_in_top_30,min,28,-29.770833778394273,0.2815535428671687
tree_root_in_top_30,min,29,-27.506267112682085,0.28521130247559867
tree_root_in_top_30,min,30,-26.27453315953472,0.28835864777977704
tree_root_in_top_30,min,31,7.941326413588298,0.29095014570810385
tree_root_in_top_30,min,32,-35.240739997543756,0.2929373831597246
tree_root_in_top_30,min,33,-30.11832725861172,0.2942724855295076
tree_root_in_top_30,min,34,-27.263544088079346,0.29490949960457513
tree_root_in_top_30,min,35,97.86695704993171,0.29480565036115536
tree_root_in_top_30,min,36,10.71775516477362,0.5047156915512012
tree_root_in_top_30,min,37,-16.260762796904036,-0.2811541763946348
tree_root_in_top_30,min,38,-16.383953651917682,-0.06276759325743697
tree_root_in_top_30,min,39,-16.19721683458304,0.051013794918098654
tree_root_in_top_30,min,40,-15.790040126007273,0.11024161904271779
tree_root_in_top_30,min,41,18.270316810769216,0.13980362865993357
tree_root_in_top_30,min,42,-25.60527290270027,0.15334957352736112
tree_root_in_top_30,min,43,-19.77133369625831,0.1581643445008183
tree_root_in_top_30,min,44,-16.329855573367713,0.15808960157882268
tree_root_in_top_30,min,45,-14.077554199257946,0.15514522177028667
tree_root_in_top_30,min,46,23.40954973201738,0.15039940611032776
tree_root_in_top_30,min,47,-22.935942559954466,0.14442680437284494
tree_root_in_top_30,min,48,-16.322437129734347,0.1375470547992066
tree_root_in_top_30,min,49,-12.40977023327191,0.12995052139108587
tree_root_in_top_30,min,50,-9.858861363849392,0.12176040662902032
tree_root_in_top_30,min,total,-863.0389021457088,10.95015383498162
tree_root_in_top_30,max,1,-224.31750960611325,0.0
tree_root_in_top_30,max,2,19.02754498263409,0.0
tree_root_in_top_30,max,3,-33.66013021378412,-0.8011598919879788
tree_root_in_top_30,max,4,-25.783790617969427,-0.5212599959153792
tree_root_in_top_30,max,5,-21.909965073453552,-0.37602958186078794
tree_root_in_top_30,max,6,-3.1711002758439113,-0.30102700908048785
tree_root_in_top_30,max,7,-13.772853594743452,-0.26379797127406235
tree_root_in_top_30,max,8,-23.994224205446482,-0.2641012320204901
tree_root_in_top_30,max,9,-18.08553172244674,-0.19161705723624323
tree_root_in_top_30,max,10,-7.597323022314694,-0.20838927696606913
tree_root_in_top_30,max,11,-1.0150280115372285,-0.23888052973819285
tree_root_in_top_30,max,12,-23.775081918619833,-0.17528785662149815
tree_root_in_top_30,max,13,-22.269681421439508,-0.20192664881066946
tree_root_in_top_30,max,14,-21.781197669592586,-0.21858836486087085
tree_root_in_top_30,max,15,1.544882935795357,-0.23013944392097851
tree_root_in_top_30,max,16,-0.6709778188244293,-0.27890307825086147
tree_root_in_top_30,max,17,-25.12237148821196,-0.1362009047402033
tree_root_in_top_30,max,18,-23.562869885494646,-0.1835649113234581
tree_root_in_top_30,max,19,-23.008837844573332,-0.21115976371024558
tree_root_in_top_30,max,20,-22.93283490059147,-0.22849293946156735
tree_root_in_top_30,max,21,1.1368497285327357,-0.2402705591713774
tree_root_in_top_30,max,22,-31.120504363562084,-0.2490510239717949
tree_root_in_top_30,max,23,-27.829903586987005,-0.2561760812781877
tree_root_in_top_30,max,24,-26.281040723979167,-0.26232798852041483
tree_root_in_top_30,max,25,-25.583554872288854,-0.26783794623738544
tree_root_in_top_30,max,26,3.4196437324664877,-0.2728536960863357
tree_root_in_top_30,max,27,-34.72310801530399,-0.27742558821436347
tree_root_in_top_30,max,28,-30.333940836329596,-0.28155351506815407
tree_root_in_top_30,max,29,-28.076689662109878,-0.28521124695219413
tree_root_in_top_30,max,30,-26.85125045901461,-0.2883586517001149
tree_root_in_top_30,max,31,7.359426113990072,-0.29095015389012246
tree_root_in_top_30,max,32,-35.82661476771355,-0.29293738701007044
tree_root_in_top_30,max,33,-30.706872172237944,-0.29427242809671483
tree_root_in_top_30,max,34,-27.853362734134823,-0.2949091464509017
tree_root_in_top_30,max,35,97.27734553919888,-0.29480586037168166
tree_root_in_top_30,max,36,9.70832371564081,-0.5047157575816072
tree_root_in_top_30,max,37,-15.698454402463673,0.28115421804572804
tree_root_in_top_30,max,38,-16.25841870188212,0.0627673567781244
tree_root_in_top_30,max,39,-16.299243991309137,-0.05101336180799976
tree_root_in_top_30,max,40,-16.0105223983181,-0.11024065326810728
tree_root_in_top_30,max,41,17.990708990042492,-0.13980419206679073
tree_root_in_top_30,max,42,-25.911972400927993,-0.15334992470036113
tree_root_in_top_30,max,43,-20.08766258858474,-0.1581645478256135
tree_root_in_top_30,max,44,-16.646034868504998,-0.15808969355846259
tree_root_in_top_30,max,45,-14.387844752117317,-0.15514533108908424
tree_root_in_top_30,max,46,23.108750779980372,-0.15039954592667826
tree_root_in_top_30,max,47,-23.22479613316896,-0.14442676884165095
tree_root_in_top_30,max,48,-16.59753120506556,-0.13754702053200774
tree_root_in_top_30,max,49,-12.669671081418501,-0.12995032675550533
tree_root_in_top_30,max,50,-10.102382283100848,-0.12176051262243526
tree_root_in_top_30,max,total,-884.9392097732429,-10.950153792552442
tree_root_to_shoot_sp1,min,1,-221.38965628898995,2.9278533171232937
tree_root_to_shoot_sp1,min,2,18.918836615507587,-0.10870836712650345
tree_root_to_shoot_sp1,min,3,-32.56875962855997,0.2902106932361761
tree_root_to_shoot_sp1,min,4,-25.021003318042958,0.24152730401108968
tree_root_to_shoot_sp1,min,5,-21.314543086997727,0.2193924045950375
tree_root_to_shoot_sp1,min,6,-2.658916025769442,0.21115724099398125
tree_root_to_shoot_sp1,min,7,-13.439552169557334,0.06950345391205559
tree_root_to_shoot_sp1,min,8,-23.493426951059938,0.23669602236605414
tree_root_to_shoot_sp1,min,9,-17.701029415161138,0.19288525004935764
tree_root_to_shoot_sp1,min,10,-7.336012981895056,0.05292076345356911
tree_root_to_shoot_sp1,min,11,-0.5322581795701904,0.2438893022288453
tree_root_to_shoot_sp1,min,12,-23.400275060998144,0.1995190010001906
tree_root_to_shoot_sp1,min,13,-21.85087223364348,0.21688253898535947
tree_root_to_shoot_sp1,min,14,-21.33311808444855,0.22949122028316538
tree_root_to_shoot_sp1,min,15,1.6929839010227,-0.08203847869363567
tree_root_to_shoot_sp1,min,16,-0.09045868301260906,0.3016160575609588
tree_root_to_shoot_sp1,min,17,-24.788882165577522,0.19728841789423512
tree_root_to_shoot_sp1,min,18,-23.156454599649578,0.2228503745216095
tree_root_to_shoot_sp1,min,19,-22.558538777059553,0.2391393038035332
tree_root_to_shoot_sp1,min,20,-22.453800695687942,0.2505412654419601
tree_root_to_shoot_sp1,min,21,1.6362468260304,0.25912653832628685
tree_root_to_shoot_sp1,min,22,-30.605435764108094,0.26601757548219496
tree_root_to_shoot_sp1,min,23,-27.301939412504755,0.27178809320406216
tree_root_to_shoot_sp1,min,24,-25.742001225141355,0.2767115103173978
tree_root_to_shoot_sp1,min,25,-25.034815786577855,0.28090113947361317
tree_root_to_shoot_sp1,min,26,3.976884218542278,0.28438678998945477
tree_root_to_shoot_sp1,min,27,-34.15852725231892,0.2871551747707102
tree_root_to_shoot_sp1,min,28,-29.76321536310445,0.2891719581569916
tree_root_to_shoot_sp1,min,29,-27.501084734542147,0.29039368061553716
tree_root_to_shoot_sp1,min,30,-26.27211748377179,0.29077432354270627
tree_root_to_shoot_sp1,min,31,7.940645945844196,0.2902696779640017
tree_root_to_shoot_sp1,min,32,-35.244837722187334,0.2888396585161459
tree_root_to_shoot_sp1,min,33,-30.126149392448045,0.28645035169318334
tree_root_to_shoot_sp1,min,34,-27.275378128955122,0.28307545872879913
tree_root_to_shoot_sp1,min,35,96.15179151182097,-1.4203598877495835
tree_root_to_shoot_sp1,min,36,10.799338726072445,0.5862992528500275
tree_root_to_shoot_sp1,min,37,-15.987448864440653,-0.007840243931251933
tree_root_to_shoot_sp1,min,38,-16.235676627834184,0.0855094308260611
tree_root_to_shoot_sp1,min,39,-16.117339706000916,0.13089092350022113
tree_root_to_shoot_sp1,min,40,-15.748861911060281,0.15141983398970993
tree_root_to_shoot_sp1,min,41,18.288686613432006,0.158173431322723
tree_root_to_shoot_sp1,min,42,-25.60129262620405,0.1573298500235829
tree_root_to_shoot_sp1,min,43,-19.777265560729433,0.1522324800296957
tree_root_to_shoot_sp1,min,44,-16.343268729643466,0.14467644530306956
tree_root_to_shoot_sp1,min,45,-14.097064786263921,0.1356346347643118
tree_root_to_shoot_sp1,min,46,23.38479992744226,0.12564960153520843
tree_root_to_shoot_sp1,min,47,-22.96532902493149,0.11504033939582214
tree_root_to_shoot_sp1,min,48,-16.355974183807014,0.10401000072653943
tree_root_to_shoot_sp1,min,49,-12.44701930619134,0.09270144847165618
tree_root_to_shoot_sp1,min,50,-9.899396407646718,0.08122536283169524
tree_root_to_shoot_sp1,min,total,-862.8987840603795,11.090271920310897
tree_root_to_shoot_sp1,max,1,-227.2453629232365,-2.9278533171232652
tree_root_to_shoot_sp1,max,2,19.136253349760622,0.10870836712653187
tree_root_to_shoot_sp1,max,3,-33.149180975049674,-0.29021065325353135
tree_root_to_shoot_sp1,max,4,-25.504057940630982,-0.2415273185769351
tree_root_to_shoot_sp1,max,5,-21.753328031950552,-0.21939254035778788
tree_root_to_shoot_sp1,max,6,-3.0812304776610975,-0.21115721089767403
tree_root_to_shoot_sp1,max,7,-13.578559037971967,-0.06950341450257724
tree_root_to_shoot_sp1,max,8,-23.966818975288856,-0.23669600186286388
tree_root_to_shoot_sp1,max,9,-18.086799903703962,-0.19288523849346717
tree_root_to_shoot_sp1,max,10,-7.441854499163178,-0.05292075381455241
tree_root_to_shoot_sp1,max,11,-1.0200367843527398,-0.2438893025537041
tree_root_to_shoot_sp1,max,12,-23.79931306319682,-0.1995190011984853
tree_root_to_shoot_sp1,max,13,-22.284637311834842,-0.2168825392060043
tree_root_to_shoot_sp1,max,14,-21.79210011199338,-0.2294908072616657
tree_root_to_shoot_sp1,max,15,1.8570606739883022,0.08203829427196663
tree_root_to_shoot_sp1,max,16,-0.6936909020343025,-0.30161616146073467
tree_root_to_shoot_sp1,max,17,-25.183459059779715,-0.19728847630795698
tree_root_to_shoot_sp1,max,18,-23.60215538030248,-0.22285040613129325
tree_root_to_shoot_sp1,max,19,-23.036817399936265,-0.2391393190731783
tree_root_to_shoot_sp1,max,20,-22.954883235596704,-0.2505412744668014
tree_root_to_shoot_sp1,max,21,1.1179937443243584,-0.2591265433797547
tree_root_to_shoot_sp1,max,22,-31.137470917667933,-0.26601757807764415
tree_root_to_shoot_sp1,max,23,-27.845515600174476,-0.2717880944656592
tree_root_to_shoot_sp1,max,24,-26.295424244615166,-0.2767115091564136
tree_root_to_shoot_sp1,max,25,-25.59661806655929,-0.28090114050782233
tree_root_to_shoot_sp1,max,26,3.408110637747646,-0.28438679080517737
tree_root_to_shoot_sp1,max,27,-34.73283760227085,-0.28715517518121914
tree_root_to_shoot_sp1,max,28,-30.341559279697723,-0.2891719584362811
tree_root_to_shoot_sp1,max,29,-28.081872094469933,-0.290393679312249
tree_root_to_shoot_sp1,max,30,-26.8536661313517,-0.29077432403720493
tree_root_to_shoot_sp1,max,31,7.3601065894270175,-0.29026967845317664
tree_root_to_shoot_sp1,max,32,-35.82251703945577,-0.2888396587522877
tree_root_to_shoot_sp1,max,33,-30.69905009588063,-0.2864503517394006
tree_root_to_shoot_sp1,max,34,-27.841528623491723,-0.28307503580780136
tree_root_to_shoot_sp1,max,35,98.99251110292161,1.4203597033510533
tree_root_to_shoot_sp1,max,36,9.626740110517577,-0.5862993627048407
tree_root_to_shoot_sp1,max,37,-15.971768353776724,0.007840266732676682
tree_root_to_shoot_sp1,max,38,-16.406695581095835,-0.08550952243558996
tree_root_to_shoot_sp1,max,39,-16.379121263389656,-0.1308906338885194
tree_root_to_shoot_sp1,max,40,-16.051701728654255,-0.15141998360426356
tree_root_to_shoot_sp1,max,41,17.972339662018292,-0.1581735200909904
tree_root_to_shoot_sp1,max,42,-25.915952377686242,-0.1573299014586098
tree_root_to_shoot_sp1,max,43,-20.08173054910519,-0.15223250834606006
tree_root_to_shoot_sp1,max,44,-16.632621634623437,-0.14467645967690146
tree_root_to_shoot_sp1,max,45,-14.36833406390312,-0.13563464287488713
tree_root_to_shoot_sp1,max,46,23.133500720143502,-0.12564960576354878
tree_root_to_shoot_sp1,max,47,-23.19540970592979,-0.11504034160248011
tree_root_to_shoot_sp1,max,48,-16.563994186347134,-0.104010001813581
tree_root_to_shoot_sp1,max,49,-12.632422198868435,-0.09270144420543858
tree_root_to_shoot_sp1,max,50,-10.061847137062504,-0.08122536658409096
tree_root_to_shoot_sp1,max,total,-885.0793278989127,-11.090271918222243
cy0_flat_scale,min,1,-224.31750959340155,1.2711694807876484e-08
cy0_flat_scale,min,2,19.027545166353235,1.8371914478620965e-07
cy0_flat_scale,min,3,-32.85897043071362,-1.0891747592722822e-07
cy0_flat_scale,min,4,-25.262530693854416,-7.180036831755388e-08
cy0_flat_scale,min,5,-21.53393566284215,-1.712493862271458e-07
cy0_flat_scale,min,6,-2.8700731795654644,8.719795907552452e-08
cy0_flat_scale,min,7,-13.509055624525406,-1.0560157193140185e-09
cy0_flat_scale,min,8,-23.730122871563424,1.0186256815813977e-07
cy0_flat_scale,min,9,-17.89391451351153,1.5169896627753587e-07
cy0_flat_scale,min,10,-7.388933678255087,6.709353783662664e-08
cy0_flat_scale,min,11,-0.7761475058810814,-2.4082045690931864e-08
cy0_flat_scale,min,12,-23.59979375644867,3.055496655690604e-07
cy0_flat_scale,min,13,-22.067754513084626,2.5954421190022003e-07
cy0_flat_scale,min,14,-21.562609889159326,-5.844276103061929e-07
cy0_flat_scale,min,15,1.7750218428344193,-5.368819162576699e-07
cy0_flat_scale,min,16,-0.3920741146516238,6.259219440529762e-07
cy0_flat_scale,min,17,-24.986171066508483,-4.830367252850465e-07
cy0_flat_scale,min,18,-23.379304817895648,1.5627554006414357e-07
cy0_flat_scale,min,19,-22.797677230014862,8.508482238767101e-07
cy0_flat_scale,min,20,-22.704342882569545,-9.214396428092186e-07
cy0_flat_scale,min,21,1.377119722794896,-5.64909217182219e-07
cy0_flat_scale,min,22,-30.87145147608768,1.8635026073354766e-06
cy0_flat_scale,min,23,-27.573726425407003,1.0803018142269138e-06
cy0_flat_scale,min,24,-26.018713782741976,-1.0472832236985141e-06
cy0_flat_scale,min,25,-25.315716313151196,6.129002727561783e-07
cy0_flat_scale,min,26,3.692497342785306,-8.57675175325312e-08
cy0_flat_scale,min,27,-34.44568203685207,3.9023755959988193e-07
cy0_flat_scale,min,28,-30.05238823408528,-9.128238396272081e-07
cy0_flat_scale,min,29,-27.791480322121426,-1.9069637424706798e-06
cy0_flat_scale,min,30,-26.562892879576076,-1.0722615790825785e-06
cy0_flat_scale,min,31,7.650376907832961,6.39952767222951e-07
cy0_flat_scale,min,32,-35.53367838877937,-1.0080758912067722e-06
cy0_flat_scale,min,33,-30.41259981640314,-7.226191200970788e-08
cy0_flat_scale,min,34,-27.55845406152261,-4.7383868917449945e-07
cy0_flat_scale,min,35,97.57215211110656,7.115360034504192e-07
cy0_flat_scale,min,36,10.21303946966946,-3.5529570396874988e-09
cy0_flat_scale,min,37,-15.979609323018524,-7.025091228740621e-07
cy0_flat_scale,min,38,-16.32118607881384,-2.0153596125283002e-08
cy0_flat_scale,min,39,-16.248230707912644,-7.841150662102336e-08
cy0_flat_scale,min,40,-15.900281810077507,-6.502751581649591e-08
cy0_flat_scale,min,41,18.13051381132672,6.292174354882718e-07
cy0_flat_scale,min,42,-25.758620892401076,1.5838265561285425e-06
cy0_flat_scale,min,43,-19.929497543564757,4.971943710074811e-07
cy0_flat_scale,min,44,-16.487945425004174,-2.5005763859553554e-07
cy0_flat_scale,min,45,-14.232699868595294,-4.4756706074622343e-07
cy0_flat_scale,min,46,23.25915042748655,1.0157949859035398e-07
cy0_flat_scale,min,47,-23.08036901622868,3.4809863080909054e-07
cy0_flat_scale,min,48,-16.459984092726753,9.180680038411992e-08
cy0_flat_scale,min,49,-12.539721062375335,-3.077123391648229e-07
cy0_flat_scale,min,50,-9.980621262970027,5.075083855388129e-07
cy0_flat_scale,min,total,-873.9890560426728,-6.198240498633822e-08
cy0_flat_scale,max,1,-224.3175094376701,1.6844313677211176e-07
cy0_flat_scale,max,2,19.02754480974908,-1.7288500941958773e-07
cy0_flat_scale,max,3,-32.85897038084575,-5.904960431735162e-08
cy0_flat_scale,max,4,-25.262530487277488,1.3477655969040825e-07
cy0_flat_scale,max,5,-21.53393561298838,-1.2139561533786036e-07
cy0_flat_scale,max,6,-2.8700731966478923,7.011553115887637e-08
cy0_flat_scale,max,7,-13.50905568807044,-6.460104984284953e-08
cy0_flat_scale,max,8,-23.73012299030898,-1.6882989228861334e-08
cy0_flat_scale,max,9,-17.893914641596208,2.3614287414375212e-08
cy0_flat_scale,max,10,-7.388933688506306,5.6842319295924426e-08
cy0_flat_scale,max,11,-0.7761474256567142,5.6142321458452216e-08
cy0_flat_scale,max,12,-23.599793820653375,2.413449600169315e-07
cy0_flat_scale,max,13,-22.067755476210408,-7.035815698941406e-07
cy0_flat_scale,max,14,-21.562608321724962,9.830067533300735e-07
cy0_flat_scale,max,15,1.7750199206448176,-2.4590715179684253e-06
cy0_flat_scale,max,16,-0.39207271453205017,2.026041517666499e-06
cy0_flat_scale,max,17,-24.98617182258141,-1.2391096539943192e-06
cy0_flat_scale,max,18,-23.37930602138963,-1.0472184435172949e-06
cy0_flat_scale,max,19,-22.797676714384423,1.3664786635558812e-06
cy0_flat_scale,max,20,-22.70434335399645,-1.3928665474338686e-06
cy0_flat_scale,max,21,1.3771203474590807,5.975496764065724e-08
cy0_flat_scale,max,22,-30.871452649218675,6.903716140982397e-07
cy0_flat_scale,max,23,-27.573726605151688,9.005571293130288e-07
cy0_flat_scale,max,24,-26.018713946588655,-1.211129902145558e-06
cy0_flat_scale,max,25,-25.31571545997299,1.4660784799502835e-06
cy0_flat_scale,max,26,3.6924971924366514,-2.3611617194774226e-07
cy0_flat_scale,max,27,-34.44568135390442,1.0731852100320793e-06
cy0_flat_scale,max,28,-30.0523871787805,1.424809425998319e-07
cy0_flat_scale,max,29,-27.791481138022924,-2.722865239945804e-06
cy0_flat_scale,max,30,-26.562893180522398,-1.3732079011674614e-06
cy0_flat_scale,max,31,7.650376083389899,-1.8449029504097325e-07
cy0_flat_scale,max,32,-35.533678507866234,-1.127162754244182e-06
cy0_flat_scale,max,33,-30.41259908079086,6.633503701891641e-07
cy0_flat_scale,max,34,-27.558452841750373,7.459335478188223e-07
cy0_flat_scale,max,35,97.57215142298246,2.3411899974234984e-08
cy0_flat_scale,max,36,10.21303974921628,2.7599386243082336e-07
cy0_flat_scale,max,37,-15.979609867051726,-1.2465423253615882e-06
cy0_flat_scale,max,38,-16.32118614934887,-9.068862283356793e-08
cy0_flat_scale,max,39,-16.248231231915693,-6.0241455557275e-07
cy0_flat_scale,max,40,-15.90028167866217,6.638782146239919e-08
cy0_flat_scale,max,41,18.130514191194337,1.0090850537380902e-06
cy0_flat_scale,max,42,-25.758622106064163,3.701634696540168e-07
cy0_flat_scale,max,43,-19.929497148698704,8.920604237516727e-07
cy0_flat_scale,max,44,-16.48794569330973,-5.183631941463318e-07
cy0_flat_scale,max,45,-14.232699128493927,2.925343061122021e-07
cy0_flat_scale,max,46,23.25915023904921,-8.68578418078414e-08
cy0_flat_scale,max,47,-23.08036912286232,2.4146499200128346e-07
cy0_flat_scale,max,48,-16.459984086823454,9.771009956693888e-08
cy0_flat_scale,max,49,-12.53972080239591,-4.7732914509879265e-08
cy0_flat_scale,max,50,-9.980621234214546,5.362638670902697e-07
cy0_flat_scale,max,total,-873.9890580313302,-2.0506397504505003e-06
clay_flat_scale,min,1,-224.32417630584504,-0.006666699731795234
clay_flat_scale,min,2,19.028461998439965,0.0009170158058751099
clay_flat_scale,min,3,-32.811483770590606,0.04748655120553735
clay_flat_scale,min,4,-25.189831390680723,0.07269923137332412
clay_flat_scale,min,5,-21.450986299412072,0.08294919218069197
clay_flat_scale,min,6,-2.816474838274635,0.053598428488788485
clay_flat_scale,min,7,-13.437469034167798,0.07158658930159234
clay_flat_scale,min,8,-23.641534063217122,0.08858891020886972
clay_flat_scale,min,9,-17.805046150333535,0.08886851487696035
clay_flat_scale,min,10,-7.29990084878996,0.08903289655866509
clay_flat_scale,min,11,-0.7169755835519207,0.059171898247114996
clay_flat_scale,min,12,-23.525969217119947,0.07382484487838781
clay_flat_scale,min,13,-21.983051226381196,0.08470354624764198
clay_flat_scale,min,14,-21.472607251930288,0.09000205280142737
clay_flat_scale,min,15,1.8686214272167092,0.09359904750037362
clay_flat_scale,min,16,-0.32981828828022053,0.06225645229334731
clay_flat_scale,min,17,-24.9083721146799,0.07779846879185826
clay_flat_scale,min,18,-23.29026673003935,0.0890382441318387
clay_flat_scale,min,19,-22.703043779283163,0.09463430157992292
clay_flat_scale,min,20,-22.605835912847745,0.09850604828215737
clay_flat_scale,min,21,1.4361094514830541,0.058989163778941034
clay_flat_scale,min,22,-30.788650935342012,0.08280240424827667
clay_flat_scale,min,23,-27.473801464385552,0.09992604132326477
clay_flat_scale,min,24,-25.910912292175883,0.1078004432828692
clay_flat_scale,min,25,-25.203040004971946,0.11267692107952243
clay_flat_scale,min,26,3.7586574109128423,0.06615998236001897
clay_flat_scale,min,27,-34.350573576609904,0.0951088504797255
clay_flat_scale,min,28,-29.937335452866282,0.11505186839515957
clay_flat_scale,min,29,-27.66769302505951,0.12378539009817402
clay_flat_scale,min,30,-26.434057437461377,0.12883436985312002
clay_flat_scale,min,31,7.724438941450377,0.07406267357018326
clay_flat_scale,min,32,-35.432039130320874,0.10163825038260654
clay_flat_scale,min,33,-30.288993668647453,0.12360607549377534
clay_flat_scale,min,34,-27.42569345116347,0.13276013652045293
clay_flat_scale,min,35,97.70973464430692,0.13758324473636208
clay_flat_scale,min,36,10.3097692444059,0.09672977118348136
clay_flat_scale,min,37,-15.886373513917595,0.09323510659180556
clay_flat_scale,min,38,-16.225400322823408,0.09578573583683792
clay_flat_scale,min,39,-16.150969251295724,0.09726137820541325
clay_flat_scale,min,40,-15.801823383153367,0.09845836189662371
clay_flat_scale,min,41,18.172960715655297,0.042447533546013716
clay_flat_scale,min,42,-25.687242338864774,0.07138013736285842
clay_flat_scale,min,43,-19.837652734407573,0.09184530635155497
clay_flat_scale,min,44,-16.38883643247297,0.0991087424735646
clay_flat_scale,min,45,-14.130806143545492,0.10189327748274124
clay_flat_scale,min,46,23.30093643333618,0.041786107429128805
clay_flat_scale,min,47,-23.00849681713259,0.07187254719472236
clay_flat_scale,min,48,-16.367398586667402,0.09258559786615095
clay_flat_scale,min,49,-12.440684966419871,0.09903578824312476
clay_flat_scale,min,50,-9.879975031433482,0.10064673904493127
clay_flat_scale,min,total,-869.7216024993564,4.267453481333973
clay_flat_scale,max,1,-224.3119844258395,0.005525180273735941
clay_flat_scale,max,2,19.026794402456797,-0.0007505801772929033
clay_flat_scale,max,3,-32.89831665707027,-0.03934633527412501
clay_flat_scale,max,4,-25.322845959610095,-0.06031533755604812
clay_flat_scale,max,5,-21.6028016780632,-0.06886618647043719
clay_flat_scale,max,6,-2.914654907328659,-0.0445816405652355
clay_flat_scale,max,7,-13.56851401428791,-0.05945839081852
clay_flat_scale,max,8,-23.803701149559007,-0.0735781761330152
clay_flat_scale,max,9,-17.967763309850636,-0.07384864464014029
clay_flat_scale,max,10,-7.4629353082814625,-0.07400156293283722
clay_flat_scale,max,11,-0.8254197527948555,-0.04927227099581977
clay_flat_scale,max,12,-23.66117100963649,-0.0613769476381556
clay_flat_scale,max,13,-22.138169978866788,-0.07041520623794995
clay_flat_scale,max,14,-21.637440290361454,-0.07483098562973822
clay_flat_scale,max,15,1.6971876278824016,-0.07783475183393396
clay_flat_scale,max,16,-0.44395481635202394,-0.0518800757784561
clay_flat_scale,max,17,-25.050894526614908,-0.06472394314315011
clay_flat_scale,max,18,-23.453363571310224,-0.07405859713903595
clay_flat_scale,max,19,-22.876398849141363,-0.07872076827827712
clay_flat_scale,max,20,-22.786293332452026,-0.08195137132212338
clay_flat_scale,max,21,1.3278936214156714,-0.049226666288441745
clay_flat_scale,max,22,-30.94035429934937,-0.0689009597590804
clay_flat_scale,max,23,-27.656851099811394,-0.08312359410257741
clay_flat_scale,max,24,-26.108400319336603,-0.08968758387785059
clay_flat_scale,max,25,-25.40947039998444,-0.09375347393297062
clay_flat_scale,max,26,3.6372657233336914,-0.05523170521913201
clay_flat_scale,max,27,-34.52483652618499,-0.07915409909536208
clay_flat_scale,max,28,-30.148107678007264,-0.09572035674582224
clay_flat_scale,max,29,-27.894481901065085,-0.10300348590740072
clay_flat_scale,max,30,-26.670105358764246,-0.10721355144974964
clay_flat_scale,max,31,7.588524869394129,-0.061851398486065357
clay_flat_scale,max,32,-35.61830318780175,-0.08462580709826995
clay_flat_scale,max,33,-30.51546355223794,-0.10286380809671059
clay_flat_scale,max,34,-27.668947449071002,-0.11049386138708073
clay_flat_scale,max,35,97.45763297359781,-0.1145184259727472
clay_flat_scale,max,36,10.132347738860096,-0.08069173436232191
clay_flat_scale,max,37,-16.057352474216614,-0.07774385370721326
clay_flat_scale,max,38,-16.401032891668052,-0.0798468330078066
clay_flat_scale,max,39,-16.329304654509773,-0.08107402500863614
clay_flat_scale,max,40,-15.982352997032939,-0.0820712519829474
clay_flat_scale,max,41,18.09484727633563,-0.035665905773651474
clay_flat_scale,max,42,-25.81817516819712,-0.059552691969486204
clay_flat_scale,max,43,-20.006040713075446,-0.07654267231631806
clay_flat_scale,max,44,-16.570540157065032,-0.08259498211849703
clay_flat_scale,max,45,-14.317622570802092,-0.08492314977385895
clay_flat_scale,max,46,23.224020862494772,-0.03512946341227874
clay_flat_scale,max,47,-23.14033735691444,-0.05996799258712926
clay_flat_scale,max,48,-16.537148693275977,-0.07716450874242398
clay_flat_scale,max,49,-12.62226373196367,-0.08254297730067428
clay_flat_scale,max,50,-10.064517575373337,-0.0838958048949241
clay_flat_scale,max,total,-877.5421191973585,-3.553063216668079
temp_flat_delta,min,1,-224.3003546486231,0.017154957490134848
temp_flat_delta,min,2,19.020237020928757,-0.007307961705333099
temp_flat_delta,min,3,-33.184978673962135,-0.3260083521659922
temp_flat_delta,min,4,-25.819692608120295,-0.557161986066248
temp_flat_delta,min,5,-22.07651713523892,-0.5425816436461552
temp_flat_delta,min,6,-3.1269609211887266,-0.25688765442530315
temp_flat_delta,min,7,-13.726413775207224,-0.2173581517378338
temp_flat_delta,min,8,-24.069524782669795,-0.33940180924380314
temp_flat_delta,min,9,-18.214510128590334,-0.32059546337983846
temp_flat_delta,min,10,-7.647740602820683,-0.25880685747205767
temp_flat_delta,min,11,-0.8071193385109061,-0.030971856711870416
temp_flat_delta,min,12,-23.659745432904025,-0.05995137090569003
temp_flat_delta,min,13,-22.278023779141243,-0.2102690065124051
temp_flat_delta,min,14,-21.828507337772123,-0.2658980330404077
temp_flat_delta,min,15,1.4955967311669056,-0.27942564854943
temp_flat_delta,min,16,-0.45189090346059624,-0.0598161628870284
temp_flat_delta,min,17,-25.074467533006864,-0.08829694953510625
temp_flat_delta,min,18,-23.623427492591954,-0.2441225184207667
temp_flat_delta,min,19,-23.100433510767967,-0.3027554299048809
temp_flat_delta,min,20,-23.021755733814285,-0.3174137726843824
temp_flat_delta,min,21,1.3354243472115699,-0.041695940492543215
temp_flat_delta,min,22,-30.988066354026326,-0.11661301443603733
temp_flat_delta,min,23,-27.91713407500328,-0.3434065692944621
temp_flat_delta,min,24,-26.432056470856438,-0.4133437353976852
temp_flat_delta,min,25,-25.732684126574753,-0.41696720052328473
temp_flat_delta,min,26,3.6175438607222627,-0.07495356783056062
temp_flat_delta,min,27,-34.60008751989327,-0.15440509280364267
temp_flat_delta,min,28,-30.467393977782706,-0.415006656521264
temp_flat_delta,min,29,-28.280822340577433,-0.4893439254197496
temp_flat_delta,min,30,-27.048807413109625,-0.48591560579512816
temp_flat_delta,min,31,7.569863646942275,-0.08051262093791944
temp_flat_delta,min,32,-35.68565124421885,-0.1519738635153729
temp_flat_delta,min,33,-30.857685613208247,-0.4450858690670181
temp_flat_delta,min,34,-28.087111046716934,-0.5286574590330133
temp_flat_delta,min,35,97.04821269144966,-0.5239387081208946
temp_flat_delta,min,36,10.010827554966344,-0.20221191825607399
temp_flat_delta,min,37,-16.05282714893995,-0.07321852843054977
temp_flat_delta,min,38,-16.48045904259696,-0.15927298393671308
temp_flat_delta,min,39,-16.47652569185074,-0.22829506234960206
temp_flat_delta,min,40,-16.173787405377443,-0.2735056603274515
temp_flat_delta,min,41,18.210105534231385,0.07959235212210203
temp_flat_delta,min,42,-25.8011168510438,-0.0424943748161688
temp_flat_delta,min,43,-20.295642597700944,-0.3661445569418156
temp_flat_delta,min,44,-16.948454024491703,-0.46050884954516746
temp_flat_delta,min,45,-14.688776404611321,-0.45607698358308824
temp_flat_delta,min,46,23.24381953369019,-0.01533079221686151
temp_flat_delta,min,47,-23.174239094550583,-0.09386973022327183
temp_flat_delta,min,48,-16.862398293315703,-0.4024141087821498
temp_flat_delta,min,49,-13.017427187549218,-0.4777064328862224
temp_flat_delta,min,50,-10.436724016723158,-0.45610224624474505
temp_flat_delta,min,total,-886.9663113578011,-12.977255377110737
temp_flat_delta,max,1,-224.33399296690422,-0.016483360790971346
temp_flat_delta,max,2,19.03510384317186,0.007558860537770329
temp_flat_delta,max,3,-32.539735077520746,0.3192352442753972
temp_flat_delta,max,4,-24.731146155200996,0.5313844668530514
temp_flat_delta,max,5,-21.03239195394489,0.5015435376478727
temp_flat_delta,max,6,-2.65392024602043,0.21615302074299336
temp_flat_delta,max,7,-13.322187940211261,0.18686768325812864
temp_flat_delta,max,8,-23.41767280425217,0.31245016917382173
temp_flat_delta,max,9,-17.601913262029143,0.29200140318135226
temp_flat_delta,max,10,-7.156886107776411,0.23204763757221425
temp_flat_delta,max,11,-0.7639147708893574,0.012232710909678257
temp_flat_delta,max,12,-23.547691369491652,0.05210269250668276
temp_flat_delta,max,13,-21.864651724856536,0.20310304777230215
temp_flat_delta,max,14,-21.309324096488833,0.2532852082428825
temp_flat_delta,max,15,2.0376006026025966,0.262578222886261
temp_flat_delta,max,16,-0.34662311468505713,0.045451625888510705
temp_flat_delta,max,17,-24.904251903621898,0.0819186798498599
temp_flat_delta,max,18,-23.1423997025666,0.23690527160458785
temp_flat_delta,max,19,-22.50867269028608,0.2890053905770067
temp_flat_delta,max,20,-22.405614926688543,0.2987270344413595
temp_flat_delta,max,21,1.4033249336969358,0.026204645992822684
temp_flat_delta,max,22,-30.76104147689542,0.11041186269486758
temp_flat_delta,max,23,-27.24017861539496,0.3335488903138568
temp_flat_delta,max,24,-25.625524849795063,0.39318788566368923
temp_flat_delta,max,25,-24.925657529713515,0.3900593963379535
temp_flat_delta,max,26,3.744621712900685,0.05212428434786176
temp_flat_delta,max,27,-34.30227807725609,0.14340434983353845
temp_flat_delta,max,28,-29.651832000183255,0.4005553210781869
temp_flat_delta,max,29,-27.32796356555792,0.46351484959976474
temp_flat_delta,max,30,-26.109988709538047,0.4529030977764492
temp_flat_delta,max,31,7.703321667663173,0.05294539978297852
temp_flat_delta,max,32,-35.39426374678741,0.13941363391607098
temp_flat_delta,max,33,-29.983026083920652,0.4295736602205764
temp_flat_delta,max,34,-27.05758533334735,0.5008682543365701
temp_flat_delta,max,35,98.06043168173052,0.48828028215996255
temp_flat_delta,max,36,10.38293861097541,0.16989913775299215
temp_flat_delta,max,37,-15.92339093204105,0.05621768846835096
temp_flat_delta,max,38,-16.170146976429393,0.15103908223085227
temp_flat_delta,max,39,-16.02850838599426,0.21972224350687597
temp_flat_delta,max,40,-15.638690260063111,0.2615914849868801
temp_flat_delta,max,41,18.043202780696273,-0.08731040141300994
temp_flat_delta,max,42,-25.71239454085212,0.046227935375512175
temp_flat_delta,max,43,-19.566615478485957,0.36288256227317106
temp_flat_delta,max,44,-16.046372155165038,0.4415730197814973
temp_flat_delta,max,45,-13.805594649414914,0.42710477161331895
temp_flat_delta,max,46,23.25004849424564,-0.009101831661411097
temp_flat_delta,max,47,-22.995512392783134,0.08485697154417693
temp_flat_delta,max,48,-16.07008678394812,0.38989740058543276
temp_flat_delta,max,49,-12.087641482514163,0.4520792721488327
temp_flat_delta,max,50,-9.557952576477783,0.42266919400062974
temp_flat_delta,max,total,-861.9046430883104,12.084412892379987
rain_flat_scale,min,1,-224.31750960611325,0.0
rain_flat_scale,min,2,19.02754498263409,0.0
rain_flat_scale,min,3,-32.85897032179614,0.0
rain_flat_scale,min,4,-25.262530622054047,0.0
rain_flat_scale,min,5,-21.533935491592764,0.0
rain_flat_scale,min,6,-2.8700732667634234,0.0
rain_flat_scale,min,7,-13.50905562346939,0.0
rain_flat_scale,min,8,-23.730122973425992,0.0
rain_flat_scale,min,9,-17.893914665210495,0.0
rain_flat_scale,min,10,-7.388933745348625,0.0
rain_flat_scale,min,11,-0.7761474817990357,0.0
rain_flat_scale,min,12,-23.599794061998335,0.0
rain_flat_scale,min,13,-22.067754772628838,0.0
rain_flat_scale,min,14,-21.562609304731716,0.0
rain_flat_scale,min,15,1.7750223797163356,0.0
rain_flat_scale,min,16,-0.39207474057356784,0.0
rain_flat_scale,min,17,-24.986170583471758,0.0
rain_flat_scale,min,18,-23.379304974171188,0.0
rain_flat_scale,min,19,-22.797678080863086,0.0
rain_flat_scale,min,20,-22.704341961129902,0.0
rain_flat_scale,min,21,1.377120287704113,0.0
rain_flat_scale,min,22,-30.87145333959029,0.0
rain_flat_scale,min,23,-27.573727505708817,0.0
rain_flat_scale,min,24,-26.018712735458752,0.0
rain_flat_scale,min,25,-25.31571692605147,0.0
rain_flat_scale,min,26,3.6924974285528234,0.0
rain_flat_scale,min,27,-34.44568242708963,0.0
rain_flat_scale,min,28,-30.052387321261442,0.0
rain_flat_scale,min,29,-27.791478415157684,0.0
rain_flat_scale,min,30,-26.562891807314497,0.0
rain_flat_scale,min,31,7.650376267880194,0.0
rain_flat_scale,min,32,-35.53367738070348,0.0
rain_flat_scale,min,33,-30.41259974414123,0.0
rain_flat_scale,min,34,-27.55845358768392,0.0
rain_flat_scale,min,35,97.57215139957056,0.0
rain_flat_scale,min,36,10.213039473222418,0.0
rain_flat_scale,min,37,-15.979608620509401,0.0
rain_flat_scale,min,38,-16.321186058660246,0.0
rain_flat_scale,min,39,-16.248230629501137,0.0
rain_flat_scale,min,40,-15.900281745049991,0.0
rain_flat_scale,min,41,18.130513182109283,0.0
rain_flat_scale,min,42,-25.758622476227632,0.0
rain_flat_scale,min,43,-19.92949804075913,0.0
rain_flat_scale,min,44,-16.487945174946535,0.0
rain_flat_scale,min,45,-14.232699421028233,0.0
rain_flat_scale,min,46,23.25915032590705,0.0
rain_flat_scale,min,47,-23.08036936432731,0.0
rain_flat_scale,min,48,-16.459984184533553,0.0
rain_flat_scale,min,49,-12.539720754662996,0.0
rain_flat_scale,min,50,-9.980621770478413,0.0
rain_flat_scale,min,total,-873.9890559806904,0.0
rain_flat_scale,max,1,-224.31750960611325,0.0
rain_flat_scale,max,2,19.02754498263409,0.0
rain_flat_scale,max,3,-32.85897032179614,0.0
rain_flat_scale,max,4,-25.262530622054047,0.0
rain_flat_scale,max,5,-21.533935491592764,0.0
rain_flat_scale,max,6,-2.8700732667634234,0.0
rain_flat_scale,max,7,-13.50905562346939,0.0
rain_flat_scale,max,8,-23.730122973425992,0.0
rain_flat_scale,max,9,-17.893914665210495,0.0
rain_flat_scale,max,10,-7.388933745348625,0.0
rain_flat_scale,max,11,-0.7761474817990357,0.0
rain_flat_scale,max,12,-23.599794061998335,0.0
rain_flat_scale,max,13,-22.067754772628838,0.0
rain_flat_scale,max,14,-21.562609304731716,0.0
rain_flat_scale,max,15,1.7750223797163356,0.0
rain_flat_scale,max,16,-0.39207474057356784,0.0
rain_flat_scale,max,17,-24.986170583471758,0.0
rain_flat_scale,max,18,-23.379304974171188,0.0
rain_flat_scale,max,19,-22.797678080863086,0.0
rain_flat_scale,max,20,-22.704341961129902,0.0
rain_flat_scale,max,21,1.377120287704113,0.0
rain_flat_scale,max,22,-30.87145333959029,0.0
rain_flat_scale,max,23,-27.573727505708817,0.0
rain_flat_scale,max,24,-26.018712735458752,0.0
rain_flat_scale,max,25,-25.31571692605147,0.0
rain_flat_scale,max,26,3.6924974285528234,0.0
rain_flat_scale,max,27,-34.44568242708963,0.0
rain_flat_scale,max,28,-30.052387321261442,0.0
rain_flat_scale,max,29,-27.791478415157684,0.0
rain_flat_scale,max,30,-26.562891807314497,0.0
rain_flat_scale,max,31,7.650376267880194,0.0
rain_flat_scale,max,32,-35.53367738070348,0.0
rain_flat_scale,max,33,-30.41259974414123,0.0
rain_flat_scale,max,34,-27.55845358768392,0.0
rain_flat_scale,max,35,97.57215139957056,0.0
rain_flat_scale,max,36,10.213039473222418,0.0
rain_flat_scale,max,37,-15.979608620509401,0.0
rain_flat_scale,max,38,-16.321186058660246,0.0
rain_flat_scale,max,39,-16.248230629501137,0.0
rain_flat_scale,max,40,-15.900281745049991,0.0
rain_flat_scale,max,41,18.130513182109283,0.0
rain_flat_scale,max,42,-25.758622476227632,0.0
rain_flat_scale,max,43,-19.92949804075913,0.0
rain_flat_scale,max,44,-16.487945174946535,0.0
rain_flat_scale,max,45,-14.232699421028233,0.0
rain_flat_scale,max,46,23.25915032590705,0.0
rain_flat_scale,max,47,-23.08036936432731,0.0
rain_flat_scale,max,48,-16.459984184533553,0.0
rain_flat_scale,max,49,-12.539720754662996,0.0
rain_flat_scale,max,50,-9.980621770478413,0.0
rain_flat_scale,max,total,-873.9890559806904,0.0
evap_flat_scale,min,1,-224.31750960746885,-1.3556018529925495e-09
evap_flat_scale,min,2,19.027544979225233,-3.408857196518511e-09
evap_flat_scale,min,3,-32.85897032332979,-1.5336496517193154e-09
evap_flat_scale,min,4,-25.26253068293238,-6.087833170909107e-08
evap_flat_scale,min,5,-21.533935509759033,-1.816626848949454e-08
evap_flat_scale,min,6,-2.870073202869613,6.38938102426323e-08
evap_flat_scale,min,7,-13.509055675160802,-5.1691412039645e-08
evap_flat_scale,min,8,-23.730123144410395,-1.709844035246988e-07
evap_flat_scale,min,9,-17.893914553456998,1.1175349712289062e-07
evap_flat_scale,min,10,-7.388933687347407,5.800121805066283e-08
evap_flat_scale,min,11,-0.7761476148590751,-1.330600394311432e-07
evap_flat_scale,min,12,-23.599793770758378,2.9123995659574575e-07
evap_flat_scale,min,13,-22.067754335424475,4.37204363379351e-07
evap_flat_scale,min,14,-21.562608670909835,6.338218803136897e-07
evap_flat_scale,min,15,1.7750221696720399,-2.1004429573423522e-07
evap_flat_scale,min,16,-0.3920725898976931,2.1506758747236177e-06
evap_flat_scale,min,17,-24.986171709029655,-1.1255578975521985e-06
evap_flat_scale,min,18,-23.379304477189436,4.969817517519459e-07
evap_flat_scale,min,19,-22.797676533732254,1.547130832335597e-06
evap_flat_scale,min,20,-22.70434179357843,1.6755147314029273e-07
evap_flat_scale,min,21,1.377118444837099,-1.8428670141013015e-06
evap_flat_scale,min,22,-30.871452014559143,1.3250311461376896e-06
evap_flat_scale,min,23,-27.57372624927012,1.256438697083695e-06
evap_flat_scale,min,24,-26.018712897361873,-1.6190312024377818e-07
evap_flat_scale,min,25,-25.315717148724353,-2.2267288457555878e-07
evap_flat_scale,min,26,3.692497267977002,-1.60575821528397e-07
evap_flat_scale,min,27,-34.44568258190273,-1.5481310100540213e-07
evap_flat_scale,min,28,-30.052387152163867,1.6909757505345624e-07
evap_flat_scale,min,29,-27.791481643647224,-3.2284895397083346e-06
evap_flat_scale,min,30,-26.562892214562822,-4.07248325728915e-07
evap_flat_scale,min,31,7.650376751228551,4.83348356894453e-07
evap_flat_scale,min,32,-35.5336799276557,-2.546952217130638e-06
evap_flat_scale,min,33,-30.41259939484473,3.492964992801717e-07
evap_flat_scale,min,34,-27.5584530049248,5.827591209595084e-07
evap_flat_scale,min,35,97.5721513814973,-1.8073251339956187e-08
evap_flat_scale,min,36,10.213039631808009,1.5858559088144375e-07
evap_flat_scale,min,37,-15.979610036952106,-1.416442705348686e-06
evap_flat_scale,min,38,-16.32118535124918,7.074110648375154e-07
evap_flat_scale,min,39,-16.248231368990858,-7.394897210133422e-07
evap_flat_scale,min,40,-15.90028165819195,8.685804075980741e-08
evap_flat_scale,min,41,18.130513184286816,2.177532820724082e-09
evap_flat_scale,min,42,-25.758621572800248,9.034273844577001e-07
evap_flat_scale,min,43,-19.929497769924616,2.7083451215048626e-07
evap_flat_scale,min,44,-16.48794587890837,-7.03961834602751e-07
evap_flat_scale,min,45,-14.232699788101732,-3.670734987082369e-07
evap_flat_scale,min,46,23.259150139834638,-1.860724125890556e-07
evap_flat_scale,min,47,-23.08036903798458,3.263427323929591e-07
evap_flat_scale,min,48,-16.459984419563916,-2.3503036317151782e-07
evap_flat_scale,min,49,-12.539721080758548,-3.2609555233875653e-07
evap_flat_scale,min,50,-9.980621288831482,4.816469303392523e-07
evap_flat_scale,min,total,-873.9890574136227,-1.432932322131819e-06
evap_flat_scale,max,1,-224.31750960611325,0.0
evap_flat_scale,max,2,19.02754498263409,0.0
evap_flat_scale,max,3,-32.85897032179614,0.0
evap_flat_scale,max,4,-25.262530622054047,0.0
evap_flat_scale,max,5,-21.533935491592764,0.0
evap_flat_scale,max,6,-2.8700732667634234,0.0
evap_flat_scale,max,7,-13.50905562346939,0.0
evap_flat_scale,max,8,-23.730122973425992,0.0
evap_flat_scale,max,9,-17.893914665210495,0.0
evap_flat_scale,max,10,-7.388933745348625,0.0
evap_flat_scale,max,11,-0.7761474817990357,0.0
evap_flat_scale,max,12,-23.599794061998335,0.0
evap_flat_scale,max,13,-22.067754772628838,0.0
evap_flat_scale,max,14,-21.562609304731716,0.0
evap_flat_scale,max,15,1.7750223797163356,0.0
evap_flat_scale,max,16,-0.39207474057356784,0.0
evap_flat_scale,max,17,-24.986170583471758,0.0
evap_flat_scale,max,18,-23.379304974171188,0.0
evap_flat_scale,max,19,-22.797678080863086,0.0
evap_flat_scale,max,20,-22.704341961129902,0.0
evap_flat_scale,max,21,1.377120287704113,0.0
evap_flat_scale,max,22,-30.87145333959029,0.0
evap_flat_scale,max,23,-27.573727505708817,0.0
evap_flat_scale,max,24,-26.018712735458752,0.0
evap_flat_scale,max,25,-25.31571692605147,0.0
evap_flat_scale,max,26,3.6924974285528234,0.0
evap_flat_scale,max,27,-34.44568242708963,0.0
evap_flat_scale,max,28,-30.052387321261442,0.0
evap_flat_scale,max,29,-27.791478415157684,0.0
evap_flat_scale,max,30,-26.562891807314497,0.0
evap_flat_scale,max,31,7.650376267880194,0.0
evap_flat_scale,max,32,-35.53367738070348,0.0
evap_flat_scale,max,33,-30.41259974414123,0.0
evap_flat_scale,max,34,-27.55845358768392,0.0
evap_flat_scale,max,35,97.57215139957056,0.0
evap_flat_scale,max,36,10.213039473222418,0.0
evap_flat_scale,max,37,-15.979608620509401,0.0
evap_flat_scale,max,38,-16.321186058660246,0.0
evap_flat_scale,max,39,-16.248230629501137,0.0
evap_flat_scale,max,40,-15.900281745049991,0.0
evap_flat_scale,max,41,18.130513182109283,0.0
evap_flat_scale,max,42,-25.758622476227632,0.0
evap_flat_scale,max,43,-19.92949804075913,0.0
evap_flat_scale,max,44,-16.487945174946535,0.0
evap_flat_scale,max,45,-14.232699421028233,0.0
evap_flat_scale,max,46,23.25915032590705,0.0
evap_flat_scale,max,47,-23.08036936432731,0.0
evap_flat_scale,max,48,-16.459984184533553,0.0
evap_flat_scale,max,49,-12.539720754662996,0.0
evap_flat_scale,max,50,-9.980621770478413,0.0
evap_flat_scale,max,total,-873.9890559806904,0.0
baseline,baseline,1,-224.31750960611325,
baseline,baseline,2,19.02754498263409,
baseline,baseline,3,-32.85897032179614,
baseline,baseline,4,-25.262530622054047,
baseline,baseline,5,-21.533935491592764,
baseline,baseline,6,-2.8700732667634234,
baseline,baseline,7,-13.50905562346939,
baseline,baseline,8,-23.730122973425992,
baseline,baseline,9,-17.893914665210495,
baseline,baseline,10,-7.388933745348625,
baseline,baseline,11,-0.7761474817990357,
baseline,baseline,12,-23.599794061998335,
baseline,baseline,13,-22.067754772628838,
baseline,baseline,14,-21.562609304731716,
baseline,baseline,15,1.7750223797163356,
baseline,baseline,16,-0.39207474057356784,
baseline,baseline,17,-24.986170583471758,
baseline,baseline,18,-23.379304974171188,
baseline,baseline,19,-22.797678080863086,
baseline,baseline,20,-22.704341961129902,
baseline,baseline,21,1.377120287704113,
baseline,baseline,22,-30.87145333959029,
baseline,baseline,23,-27.573727505708817,
baseline,baseline,24,-26.018712735458752,
baseline,baseline,25,-25.31571692605147,
baseline,baseline,26,3.6924974285528234,
baseline,baseline,27,-34.44568242708963,
baseline,baseline,28,-30.052387321261442,
baseline,baseline,29,-27.791478415157684,
baseline,baseline,30,-26.562891807314497,
baseline,baseline,31,7.650376267880194,
baseline,baseline,32,-35.53367738070348,
baseline,baseline,33,-30.41259974414123,
baseline,baseline,34,-27.55845358768392,
baseline,baseline,35,97.57215139957056,
baseline,baseline,36,10.213039473222418,
baseline,baseline,37,-15.979608620509401,
baseline,baseline,38,-16.321186058660246,
baseline,baseline,39,-16.248230629501137,
baseline,baseline,40,-15.900281745049991,
baseline,baseline,41,18.130513182109283,
baseline,baseline,42,-25.758622476227632,
baseline,baseline,43,-19.92949804075913,
baseline,baseline,44,-16.487945174946535,
baseline,baseline,45,-14.232699421028233,
baseline,baseline,46,23.25915032590705,
baseline,baseline,47,-23.08036936432731,
baseline,baseline,48,-16.459984184533553,
baseline,baseline,49,-12.539720754662996,
baseline,baseline,50,-9.980621770478413,
baseline,baseline,total,-873.9890559806904,
